3.808657475967968395e-05
2.314772598236121965e-05
6.099263281553353038e-05
3.015630002104844476e-05
3.830351652218242265e-05
3.824294879341258094e-05
1.131501520484154698e-04
8.370706035494463761e-05
1.139373418439815786e-04
1.063133968988386749e-04
2.347968749516833229e-04
1.430397124226259081e-04
2.323302902516525940e-04
2.272263872011075171e-04
2.779248839580919224e-04
2.930237770931094820e-04
4.336479105596654864e-04
3.882541624440738579e-04
3.950167011343722273e-04
2.525598573918081779e-04
6.607619532870779092e-04
6.312382615796760001e-04
5.858656869143578352e-04
4.759001197959454826e-04
7.368848579619662704e-04
6.221894537983941416e-04
4.599138862315649127e-04
4.394505208937872259e-04
4.000339253645659489e-04
3.801225050019082824e-04
4.080776657774197566e-04
2.374235082645926383e-04
2.667310011137379315e-04
1.409868648798893672e-04
8.984374994659593996e-05
6.057413954272406202e-05
8.202733764842929580e-05
6.660923202966266695e-05
7.478229921554921866e-05
5.253846984050109035e-05
6.039459659926890023e-05
1.506557242846801508e-05
1.480641217468265999e-05
0.000000000000000000e+00
1.500196131234938410e-05
0.000000000000000000e+00
0.000000000000000000e+00
0.000000000000000000e+00
0.000000000000000000e+00
0.000000000000000000e+00
0.000000000000000000e+00
0.000000000000000000e+00
0.000000000000000000e+00
0.000000000000000000e+00
0.000000000000000000e+00
0.000000000000000000e+00
0.000000000000000000e+00
0.000000000000000000e+00
0.000000000000000000e+00
0.000000000000000000e+00
0.000000000000000000e+00
0.000000000000000000e+00
0.000000000000000000e+00
0.000000000000000000e+00
0.000000000000000000e+00
0.000000000000000000e+00
0.000000000000000000e+00
0.000000000000000000e+00
0.000000000000000000e+00
0.000000000000000000e+00
0.000000000000000000e+00
0.000000000000000000e+00
0.000000000000000000e+00
0.000000000000000000e+00
0.000000000000000000e+00
0.000000000000000000e+00
0.000000000000000000e+00
0.000000000000000000e+00
0.000000000000000000e+00
0.000000000000000000e+00
0.000000000000000000e+00
0.000000000000000000e+00
0.000000000000000000e+00
0.000000000000000000e+00
0.000000000000000000e+00
0.000000000000000000e+00
0.000000000000000000e+00
0.000000000000000000e+00
0.000000000000000000e+00
0.000000000000000000e+00
0.000000000000000000e+00
0.000000000000000000e+00
0.000000000000000000e+00
0.000000000000000000e+00
0.000000000000000000e+00
0.000000000000000000e+00
0.000000000000000000e+00
0.000000000000000000e+00
0.000000000000000000e+00
0.000000000000000000e+00
0.000000000000000000e+00
0.000000000000000000e+00
0.000000000000000000e+00
0.000000000000000000e+00
0.000000000000000000e+00
0.000000000000000000e+00
0.000000000000000000e+00
0.000000000000000000e+00
0.000000000000000000e+00
0.000000000000000000e+00
0.000000000000000000e+00
0.000000000000000000e+00
0.000000000000000000e+00
0.000000000000000000e+00
0.000000000000000000e+00
0.000000000000000000e+00
0.000000000000000000e+00
0.000000000000000000e+00
0.000000000000000000e+00
0.000000000000000000e+00
0.000000000000000000e+00
0.000000000000000000e+00
0.000000000000000000e+00
0.000000000000000000e+00
0.000000000000000000e+00
0.000000000000000000e+00
0.000000000000000000e+00
0.000000000000000000e+00
0.000000000000000000e+00
0.000000000000000000e+00
0.000000000000000000e+00
0.000000000000000000e+00
0.000000000000000000e+00
0.000000000000000000e+00
0.000000000000000000e+00
0.000000000000000000e+00
0.000000000000000000e+00
0.000000000000000000e+00
0.000000000000000000e+00
0.000000000000000000e+00
0.000000000000000000e+00
0.000000000000000000e+00
0.000000000000000000e+00
0.000000000000000000e+00
0.000000000000000000e+00
0.000000000000000000e+00
0.000000000000000000e+00
0.000000000000000000e+00
0.000000000000000000e+00
0.000000000000000000e+00
0.000000000000000000e+00
0.000000000000000000e+00
0.000000000000000000e+00
0.000000000000000000e+00
0.000000000000000000e+00
0.000000000000000000e+00
0.000000000000000000e+00
0.000000000000000000e+00
0.000000000000000000e+00
0.000000000000000000e+00
0.000000000000000000e+00
0.000000000000000000e+00
0.000000000000000000e+00
0.000000000000000000e+00
0.000000000000000000e+00
0.000000000000000000e+00
0.000000000000000000e+00
0.000000000000000000e+00
0.000000000000000000e+00
0.000000000000000000e+00
0.000000000000000000e+00
0.000000000000000000e+00
0.000000000000000000e+00
0.000000000000000000e+00
0.000000000000000000e+00
0.000000000000000000e+00
0.000000000000000000e+00
0.000000000000000000e+00
0.000000000000000000e+00
0.000000000000000000e+00
0.000000000000000000e+00
0.000000000000000000e+00
0.000000000000000000e+00
0.000000000000000000e+00
0.000000000000000000e+00
0.000000000000000000e+00
0.000000000000000000e+00
0.000000000000000000e+00
0.000000000000000000e+00
0.000000000000000000e+00
0.000000000000000000e+00
0.000000000000000000e+00
0.000000000000000000e+00
0.000000000000000000e+00
0.000000000000000000e+00
0.000000000000000000e+00
0.000000000000000000e+00
0.000000000000000000e+00
0.000000000000000000e+00
0.000000000000000000e+00
0.000000000000000000e+00
0.000000000000000000e+00
0.000000000000000000e+00
7.278300193482858341e-06
2.975256409833254467e-05
7.374701520548856488e-06
3.780152189528602694e-05
8.324066046480274464e-05
2.552839274053002078e-04
5.114967707494542330e-04
1.502247298815112585e-03
2.809865313414288378e-03
7.412512304183638788e-03
1.723677673817508929e-02
3.682007150124343847e-02
7.409576767572942368e-02
1.444492706583350716e-01
1.766117838199091350e-01
1.634061639765985452e-01
9.616828128735972758e-02
7.519950658330183668e-02
4.757352590800958264e-02
3.710307536545407597e-02
2.598139097227182906e-02
1.920687625537545809e-02
1.744961048623860922e-02
1.046760619700504505e-02
6.273228701367533980e-03
4.091414750062745236e-03
2.307815639432472202e-03
2.201431113928940288e-03
1.635213759496774010e-03
1.266343947441571230e-03
8.565260015113304809e-04
9.568701543411362986e-04
8.361428243349215087e-04
4.252490136993057352e-04
5.506684580512110358e-04
5.169650593147448285e-04
3.738415441482847816e-05
4.625639145878997541e-04
3.224982991188258467e-04
3.678111795287113475e-04
3.293615034456942787e-04
2.609501790805285912e-04
2.931055622638391593e-04
3.983841260233484402e-04
3.145285937215634578e-04
3.523014834636513967e-04
5.040870379632972874e-04
3.366366944827472096e-04
6.260223091302126973e-04
2.835193483729170827e-04
4.845029349257263997e-04
3.652901017508178891e-04
4.861567656364067713e-04
5.797645335364375518e-04
3.665626700321501698e-04
5.049695370732912997e-04
4.075702576498993566e-04
5.116045100355999390e-04
4.104312929812765562e-04
4.532307225948681599e-04
2.762713765619464177e-04
4.561774133679327042e-04
3.426777406996756384e-04
2.103000447791975643e-04
2.232623513763806874e-04
1.789994879608508961e-04
1.336101828868457668e-04
2.402653694607788425e-04
1.488710023412599898e-04
1.202454797710048506e-04
1.039025697571616526e-04
1.208408763590251177e-04
3.015270865388513090e-05
9.860290505910328024e-05
9.151771621238755864e-05
1.546713381845327292e-05
4.549787850452767713e-05
3.773995326394617212e-05
5.399431460354803838e-05
5.275957778184403048e-05
2.222309384380158592e-05
0.000000000000000000e+00
2.299917233323000700e-05
3.014998720965613357e-05
7.733193955575536988e-06
7.842112180301952405e-06
7.679861583468119561e-06
0.000000000000000000e+00
0.000000000000000000e+00
1.500196131234938410e-05
0.000000000000000000e+00
0.000000000000000000e+00
7.897729997183526704e-06
0.000000000000000000e+00
0.000000000000000000e+00
0.000000000000000000e+00
0.000000000000000000e+00
0.000000000000000000e+00
0.000000000000000000e+00
0.000000000000000000e+00
0.000000000000000000e+00
0.000000000000000000e+00
7.679861583468119561e-06
0.000000000000000000e+00
0.000000000000000000e+00
0.000000000000000000e+00
0.000000000000000000e+00
7.733193955575536988e-06
0.000000000000000000e+00
0.000000000000000000e+00
0.000000000000000000e+00
0.000000000000000000e+00
0.000000000000000000e+00
0.000000000000000000e+00
0.000000000000000000e+00
0.000000000000000000e+00
0.000000000000000000e+00
0.000000000000000000e+00
7.733193955575536988e-06
1.489008641829484754e-05
0.000000000000000000e+00
0.000000000000000000e+00
1.531146094851811064e-05
0.000000000000000000e+00
0.000000000000000000e+00
7.627259791800529307e-06
1.481819446553784601e-05
7.374701520548856488e-06
7.423866197352515915e-06
1.535972316693623912e-05
1.563092395275906369e-05
7.524188713532955594e-06
0.000000000000000000e+00
0.000000000000000000e+00
7.524188713532955594e-06
2.237394138866924496e-05
7.842112180301952405e-06
3.783616160451656093e-05
7.627259791800529307e-06
1.536630089383490800e-05
7.733193955575536988e-06
7.627259791800529307e-06
2.262513930803735954e-05
7.842112180301952405e-06
1.541748585106982665e-05
6.051673716549984042e-05
7.679861583468119561e-06
1.536045374737606629e-05
2.289667528431893015e-05
4.615299432582054088e-05
3.778211356177421339e-05
3.045931496787915465e-05
3.757929629546664414e-05
2.283564966205106454e-05
1.515074734153574511e-05
7.231038503914788284e-06
0.000000000000000000e+00
