2.464000000000000079e-01 3.061326146125793457e-01
2.464000000000000079e-01 3.061326146125793457e-01
2.412799999999999945e-01 3.062333762645721436e-01
2.412799999999999945e-01 3.062333762645721436e-01
2.648960000000000203e-01 3.059752881526947021e-01
2.648960000000000203e-01 3.059752881526947021e-01
2.510080000000000089e-01 3.061135709285736084e-01
2.510080000000000089e-01 3.061135709285736084e-01
2.378879999999999884e-01 3.062058985233306885e-01
2.378879999999999884e-01 3.062058985233306885e-01
2.399360000000000104e-01 3.063099980354309082e-01
2.399360000000000104e-01 3.063099980354309082e-01
2.577280000000000126e-01 3.061152100563049316e-01
2.577280000000000126e-01 3.061152100563049316e-01
2.542719999999999980e-01 3.059108555316925049e-01
2.542719999999999980e-01 3.059108555316925049e-01
2.499200000000000033e-01 3.060995638370513916e-01
2.499200000000000033e-01 3.060995638370513916e-01
2.388480000000000047e-01 3.060927987098693848e-01
2.388480000000000047e-01 3.060927987098693848e-01
2.405120000000000036e-01 3.063044250011444092e-01
2.405120000000000036e-01 3.063044250011444092e-01
2.472320000000000073e-01 3.063374161720275879e-01
2.472320000000000073e-01 3.063374161720275879e-01
2.410239999999999883e-01 3.060379326343536377e-01
2.410239999999999883e-01 3.060379326343536377e-01
2.400639999999999996e-01 3.060068488121032715e-01
2.400639999999999996e-01 3.060068488121032715e-01
2.512639999999999874e-01 3.060218691825866699e-01
2.512639999999999874e-01 3.060218691825866699e-01
2.419840000000000046e-01 3.060563504695892334e-01
2.419840000000000046e-01 3.060563504695892334e-01
2.460160000000000124e-01 3.058199286460876465e-01
2.460160000000000124e-01 3.058199286460876465e-01
2.485759999999999914e-01 3.060388863086700439e-01
2.485759999999999914e-01 3.060388863086700439e-01
2.435839999999999950e-01 3.060910403728485107e-01
2.435839999999999950e-01 3.060910403728485107e-01
2.397440000000000127e-01 3.060981333255767822e-01
2.397440000000000127e-01 3.060981333255767822e-01
2.323840000000000072e-01 3.060631453990936279e-01
2.323840000000000072e-01 3.060631453990936279e-01
2.436480000000000035e-01 3.061123490333557129e-01
2.436480000000000035e-01 3.061123490333557129e-01
2.413440000000000030e-01 3.060798346996307373e-01
2.413440000000000030e-01 3.060798346996307373e-01
2.581760000000000166e-01 3.061392903327941895e-01
2.581760000000000166e-01 3.061392903327941895e-01
2.378879999999999884e-01 3.062610626220703125e-01
2.378879999999999884e-01 3.062610626220703125e-01
2.354559999999999986e-01 3.061546087265014648e-01
2.354559999999999986e-01 3.061546087265014648e-01
2.486399999999999999e-01 3.062516748905181885e-01
2.486399999999999999e-01 3.062516748905181885e-01
2.263040000000000052e-01 3.062956035137176514e-01
2.263040000000000052e-01 3.062956035137176514e-01
2.455040000000000000e-01 3.063378930091857910e-01
2.455040000000000000e-01 3.063378930091857910e-01
2.330879999999999896e-01 3.059193789958953857e-01
2.330879999999999896e-01 3.059193789958953857e-01
2.334720000000000129e-01 3.064167201519012451e-01
2.334720000000000129e-01 3.064167201519012451e-01
2.238719999999999877e-01 3.063567578792572021e-01
2.238719999999999877e-01 3.063567578792572021e-01
2.272639999999999938e-01 3.061816990375518799e-01
2.272639999999999938e-01 3.061816990375518799e-01
2.168960000000000055e-01 3.062950968742370605e-01
2.168960000000000055e-01 3.062950968742370605e-01
2.216960000000000042e-01 3.064349889755249023e-01
2.216960000000000042e-01 3.064349889755249023e-01
2.345599999999999907e-01 3.063803315162658691e-01
2.345599999999999907e-01 3.063803315162658691e-01
2.266880000000000006e-01 3.062794208526611328e-01
2.266880000000000006e-01 3.062794208526611328e-01
2.244480000000000086e-01 3.057538568973541260e-01
2.344960000000000100e-01 3.057538568973541260e-01
2.348800000000000054e-01 3.064118921756744385e-01
2.348800000000000054e-01 3.064118921756744385e-01
2.424959999999999893e-01 3.063881099224090576e-01
2.424959999999999893e-01 3.063881099224090576e-01
2.416639999999999899e-01 3.063204288482666016e-01
2.416639999999999899e-01 3.063204288482666016e-01
2.375039999999999929e-01 3.065206408500671387e-01
2.375039999999999929e-01 3.065206408500671387e-01
2.314239999999999908e-01 3.064846694469451904e-01
2.314239999999999908e-01 3.064846694469451904e-01
2.436480000000000035e-01 3.063093423843383789e-01
2.436480000000000035e-01 3.063093423843383789e-01
2.250880000000000103e-01 3.063384890556335449e-01
2.250880000000000103e-01 3.063384890556335449e-01
2.389120000000000132e-01 3.063080012798309326e-01
2.389120000000000132e-01 3.063080012798309326e-01
2.193279999999999952e-01 3.062344789505004883e-01
2.193279999999999952e-01 3.062344789505004883e-01
2.316799999999999971e-01 3.061175644397735596e-01
2.316799999999999971e-01 3.061175644397735596e-01
2.191359999999999975e-01 3.061420321464538574e-01
2.191359999999999975e-01 3.061420321464538574e-01
2.401280000000000081e-01 3.060804605484008789e-01
2.401280000000000081e-01 3.060804605484008789e-01
