1.180165289256198402e-01 3.492230176925659180e-01
1.304958677685950363e-01 3.492230176925659180e-01
1.199173553719008328e-01 3.491742312908172607e-01
1.199173553719008328e-01 3.491742312908172607e-01
1.214049586776859563e-01 3.491413593292236328e-01
1.214049586776859563e-01 3.491413593292236328e-01
1.358677685950413216e-01 3.489978611469268799e-01
1.358677685950413216e-01 3.489978611469268799e-01
1.099173553719008239e-01 3.490373492240905762e-01
1.099173553719008239e-01 3.490373492240905762e-01
1.250413223140495744e-01 3.487562239170074463e-01
1.250413223140495744e-01 3.487562239170074463e-01
1.222314049586776807e-01 3.490943014621734619e-01
1.222314049586776807e-01 3.490943014621734619e-01
1.152892561983471093e-01 3.493364453315734863e-01
1.183471074380165328e-01 3.493364453315734863e-01
1.300000000000000044e-01 3.489632010459899902e-01
1.300000000000000044e-01 3.489632010459899902e-01
1.270247933884297575e-01 3.492083549499511719e-01
1.270247933884297575e-01 3.492083549499511719e-01
1.183471074380165328e-01 3.490422964096069336e-01
1.183471074380165328e-01 3.490422964096069336e-01
1.283471074380165278e-01 3.491903245449066162e-01
1.283471074380165278e-01 3.491903245449066162e-01
1.136363636363636326e-01 3.491320908069610596e-01
1.137190082644628092e-01 3.491320908069610596e-01
1.231404958677685957e-01 3.490698635578155518e-01
1.231404958677685957e-01 3.490698635578155518e-01
1.155371900826446252e-01 3.492968082427978516e-01
1.155371900826446252e-01 3.492968082427978516e-01
1.276033057851239660e-01 3.492059409618377686e-01
1.276033057851239660e-01 3.492059409618377686e-01
1.231404958677685957e-01 3.486804366111755371e-01
1.195041322314049637e-01 3.486804366111755371e-01
1.113223140495867708e-01 3.491074144840240479e-01
1.113223140495867708e-01 3.491074144840240479e-01
1.142148760330578550e-01 3.487648069858551025e-01
1.142148760330578550e-01 3.487648069858551025e-01
1.203305785123966881e-01 3.490536212921142578e-01
1.203305785123966881e-01 3.490536212921142578e-01
1.149586776859504167e-01 3.492923378944396973e-01
1.149586776859504167e-01 3.492923378944396973e-01
1.090909090909090856e-01 3.492026329040527344e-01
1.090909090909090856e-01 3.492026329040527344e-01
1.175206611570247944e-01 3.491576611995697021e-01
1.175206611570247944e-01 3.491576611995697021e-01
1.198347107438016562e-01 3.491527140140533447e-01
1.198347107438016562e-01 3.491527140140533447e-01
1.232231404958677723e-01 3.491398990154266357e-01
1.240495867768595106e-01 3.491398990154266357e-01
1.255371900826446341e-01 3.491182625293731689e-01
1.203305785123966881e-01 3.491182625293731689e-01
1.255371900826446341e-01 3.491718471050262451e-01
1.255371900826446341e-01 3.491718471050262451e-01
1.171900826446281019e-01 3.488882184028625488e-01
1.255371900826446341e-01 3.488882184028625488e-01
1.251239669421487510e-01 3.489496111869812012e-01
1.251239669421487510e-01 3.489496111869812012e-01
1.245454545454545425e-01 3.490377366542816162e-01
1.245454545454545425e-01 3.490377366542816162e-01
1.338016528925619897e-01 3.489136695861816406e-01
1.292561983471074427e-01 3.489136695861816406e-01
1.268595041322314043e-01 3.490265309810638428e-01
1.268595041322314043e-01 3.490265309810638428e-01
1.258677685950413128e-01 3.488196432590484619e-01
1.258677685950413128e-01 3.488196432590484619e-01
1.244628099173553659e-01 3.488184213638305664e-01
1.244628099173553659e-01 3.488184213638305664e-01
1.381818181818181834e-01 3.488890230655670166e-01
1.381818181818181834e-01 3.488890230655670166e-01
1.291735537190082661e-01 3.489623665809631348e-01
1.291735537190082661e-01 3.489623665809631348e-01
1.332231404958677812e-01 3.490140438079833984e-01
1.332231404958677812e-01 3.490140438079833984e-01
1.350413223140495833e-01 3.487859666347503662e-01
1.350413223140495833e-01 3.487859666347503662e-01
1.308264462809917428e-01 3.486874997615814209e-01
1.308264462809917428e-01 3.486874997615814209e-01
1.290082644628099129e-01 3.490982055664062500e-01
1.290082644628099129e-01 3.490982055664062500e-01
1.303305785123966831e-01 3.489277362823486328e-01
1.303305785123966831e-01 3.489277362823486328e-01
1.233884297520661116e-01 3.490892946720123291e-01
1.342148760330578450e-01 3.490892946720123291e-01
1.226446280991735499e-01 3.489265739917755127e-01
1.226446280991735499e-01 3.489265739917755127e-01
1.238016528925619808e-01 3.490021824836730957e-01
1.238016528925619808e-01 3.490021824836730957e-01
1.311570247933884215e-01 3.489384055137634277e-01
1.311570247933884215e-01 3.489384055137634277e-01
1.314876033057851279e-01 3.488748669624328613e-01
1.314876033057851279e-01 3.488748669624328613e-01
1.261983471074380192e-01 3.488444089889526367e-01
1.261983471074380192e-01 3.488444089889526367e-01
1.152066115702479326e-01 3.488098084926605225e-01
1.310743801652892448e-01 3.488098084926605225e-01
1.286776859504132342e-01 3.488250970840454102e-01
1.286776859504132342e-01 3.488250970840454102e-01
1.226446280991735499e-01 3.488927185535430908e-01
1.226446280991735499e-01 3.488927185535430908e-01
