5.495844875346260483e-02 4.029550254344940186e-01
5.584487534626039057e-02 4.029550254344940186e-01
6.426592797783933775e-02 4.028919637203216553e-01
6.426592797783933775e-02 4.028919637203216553e-01
6.670360110803323639e-02 4.026916921138763428e-01
6.670360110803323639e-02 4.026916921138763428e-01
6.105263157894736531e-02 4.028313457965850830e-01
6.105263157894736531e-02 4.028313457965850830e-01
6.116343490304709113e-02 4.027702510356903076e-01
6.116343490304709113e-02 4.027702510356903076e-01
5.961218836565097129e-02 4.028366804122924805e-01
6.459833795013850133e-02 4.028366804122924805e-01
6.626038781163434699e-02 4.026363193988800049e-01
6.626038781163434699e-02 4.026363193988800049e-01
6.714681440443213967e-02 4.029578566551208496e-01
6.714681440443213967e-02 4.029578566551208496e-01
6.415512465373961193e-02 4.028988480567932129e-01
6.415512465373961193e-02 4.028988480567932129e-01
6.470914127423822715e-02 4.027279913425445557e-01
6.470914127423822715e-02 4.027279913425445557e-01
6.481994459833795297e-02 4.027149081230163574e-01
6.481994459833795297e-02 4.027149081230163574e-01
5.795013850415512563e-02 4.029469788074493408e-01
5.795013850415512563e-02 4.029469788074493408e-01
6.083102493074792061e-02 4.028359651565551758e-01
6.083102493074792061e-02 4.028359651565551758e-01
5.927977839335180077e-02 4.031122028827667236e-01
5.927977839335180077e-02 4.031122028827667236e-01
6.637119113573407281e-02 4.027585685253143311e-01
6.637119113573407281e-02 4.027585685253143311e-01
6.337950138504154507e-02 4.027912914752960205e-01
6.337950138504154507e-02 4.027912914752960205e-01
6.116343490304709113e-02 4.029261767864227295e-01
6.116343490304709113e-02 4.029261767864227295e-01
6.603878116343490923e-02 4.027562737464904785e-01
6.603878116343490923e-02 4.027562737464904785e-01
6.648199445983379863e-02 4.028067290782928467e-01
6.648199445983379863e-02 4.028067290782928467e-01
6.293628808864265567e-02 4.029019176959991455e-01
6.293628808864265567e-02 4.029019176959991455e-01
6.116343490304709113e-02 4.028017818927764893e-01
6.116343490304709113e-02 4.028017818927764893e-01
5.639889196675900579e-02 4.028071463108062744e-01
5.639889196675900579e-02 4.028071463108062744e-01
6.570637119113573177e-02 4.028261303901672363e-01
6.570637119113573177e-02 4.028261303901672363e-01
7.102493074792243233e-02 4.028826057910919189e-01
6.481994459833795297e-02 4.028826057910919189e-01
6.094182825484764643e-02 4.027591049671173096e-01
6.094182825484764643e-02 4.027591049671173096e-01
6.393351800554016029e-02 4.027655720710754395e-01
6.393351800554016029e-02 4.027655720710754395e-01
6.160664819944598053e-02 4.026516973972320557e-01
6.160664819944598053e-02 4.026516973972320557e-01
6.736842105263157743e-02 4.026356339454650879e-01
6.393351800554016029e-02 4.026356339454650879e-01
6.470914127423822715e-02 4.026037752628326416e-01
6.470914127423822715e-02 4.026037752628326416e-01
5.584487534626039057e-02 4.026220142841339111e-01
5.584487534626039057e-02 4.026220142841339111e-01
6.681440443213296221e-02 4.027584493160247803e-01
6.681440443213296221e-02 4.027584493160247803e-01
5.950138504155124547e-02 4.027016162872314453e-01
5.950138504155124547e-02 4.027016162872314453e-01
5.440443213296398961e-02 4.028480350971221924e-01
5.440443213296398961e-02 4.028480350971221924e-01
5.617728531855955415e-02 4.029236733913421631e-01
5.617728531855955415e-02 4.029236733913421631e-01
4.819944598337950331e-02 4.029715359210968018e-01
4.819944598337950331e-02 4.029715359210968018e-01
4.930747922437673375e-02 4.030064344406127930e-01
4.930747922437673375e-02 4.030064344406127930e-01
5.639889196675900579e-02 4.030434191226959229e-01
5.639889196675900579e-02 4.030434191226959229e-01
6.337950138504154507e-02 4.027806520462036133e-01
6.659279778393352445e-02 4.027806520462036133e-01
6.581717451523545759e-02 4.027916491031646729e-01
6.581717451523545759e-02 4.027916491031646729e-01
6.692520775623268803e-02 4.030716419219970703e-01
6.692520775623268803e-02 4.030716419219970703e-01
6.592797783933518341e-02 4.027783572673797607e-01
6.592797783933518341e-02 4.027783572673797607e-01
6.249307479224376627e-02 4.031147658824920654e-01
6.249307479224376627e-02 4.031147658824920654e-01
6.692520775623268803e-02 4.026663005352020264e-01
6.692520775623268803e-02 4.026663005352020264e-01
6.847645429362880787e-02 4.028613269329071045e-01
6.847645429362880787e-02 4.028613269329071045e-01
6.393351800554016029e-02 4.027836024761199951e-01
6.393351800554016029e-02 4.027836024761199951e-01
6.105263157894736531e-02 4.028272926807403564e-01
6.105263157894736531e-02 4.028272926807403564e-01
6.437673130193906357e-02 4.030662775039672852e-01
6.360110803324099671e-02 4.030662775039672852e-01
5.939058171745152659e-02 4.030240774154663086e-01
5.939058171745152659e-02 4.030240774154663086e-01
5.673130193905816937e-02 4.030035436153411865e-01
6.747922437673130325e-02 4.030035436153411865e-01
6.249307479224376627e-02 4.030702710151672363e-01
6.249307479224376627e-02 4.030702710151672363e-01
