3.238754325259515787e-02 4.524807929992675781e-01
2.214532871972318268e-02 4.524807929992675781e-01
2.643598615916955066e-02 4.524666368961334229e-01
2.643598615916955066e-02 4.524666368961334229e-01
2.768166089965398008e-02 4.525291621685028076e-01
2.768166089965398008e-02 4.525291621685028076e-01
2.283737024221453235e-02 4.525348246097564697e-01
2.283737024221453235e-02 4.525348246097564697e-01
2.643598615916955066e-02 4.527702033519744873e-01
2.643598615916955066e-02 4.527702033519744873e-01
2.325259515570934216e-02 4.526040554046630859e-01
2.325259515570934216e-02 4.526040554046630859e-01
2.574394463667820099e-02 4.526722133159637451e-01
2.574394463667820099e-02 4.526722133159637451e-01
2.795847750865051995e-02 4.525800645351409912e-01
2.795847750865051995e-02 4.525800645351409912e-01
3.155709342560553826e-02 4.527090191841125488e-01
3.155709342560553826e-02 4.527090191841125488e-01
2.546712802768166112e-02 4.524458050727844238e-01
2.546712802768166112e-02 4.524458050727844238e-01
2.560553633217993105e-02 4.525145292282104492e-01
2.560553633217993105e-02 4.525145292282104492e-01
2.615916955017301079e-02 4.525842964649200439e-01
2.615916955017301079e-02 4.525842964649200439e-01
2.740484429065744021e-02 4.526390135288238525e-01
2.740484429065744021e-02 4.526390135288238525e-01
2.186851211072664281e-02 4.525045454502105713e-01
2.186851211072664281e-02 4.525045454502105713e-01
2.629757785467128073e-02 4.527297019958496094e-01
2.629757785467128073e-02 4.527297019958496094e-01
3.155709342560553826e-02 4.525023996829986572e-01
3.155709342560553826e-02 4.525023996829986572e-01
2.380622837370242190e-02 4.525001943111419678e-01
2.380622837370242190e-02 4.525001943111419678e-01
2.394463667820069183e-02 4.527456462383270264e-01
2.394463667820069183e-02 4.527456462383270264e-01
3.363321799307958382e-02 4.527191221714019775e-01
3.363321799307958382e-02 4.527191221714019775e-01
3.598615916955017618e-02 4.524746835231781006e-01
3.598615916955017618e-02 4.524746835231781006e-01
2.629757785467128073e-02 4.527595639228820801e-01
2.629757785467128073e-02 4.527595639228820801e-01
3.211072664359861800e-02 4.526537358760833740e-01
3.211072664359861800e-02 4.526537358760833740e-01
3.515570934256055657e-02 4.524884521961212158e-01
3.515570934256055657e-02 4.524884521961212158e-01
3.031141868512110885e-02 4.524709880352020264e-01
3.031141868512110885e-02 4.524709880352020264e-01
3.626297577854671605e-02 4.525416791439056396e-01
3.626297577854671605e-02 4.525416791439056396e-01
3.543252595155709644e-02 4.525592327117919922e-01
3.543252595155709644e-02 4.525592327117919922e-01
3.141868512110726486e-02 4.526687264442443848e-01
3.141868512110726486e-02 4.526687264442443848e-01
2.961937716262975917e-02 4.526665806770324707e-01
2.961937716262975917e-02 4.526665806770324707e-01
2.366782006920415196e-02 4.526186883449554443e-01
2.366782006920415196e-02 4.526186883449554443e-01
1.577854671280276913e-02 4.524192810058593750e-01
1.577854671280276913e-02 4.524192810058593750e-01
3.252595155709342434e-02 4.524607658386230469e-01
3.252595155709342434e-02 4.524607658386230469e-01
2.795847750865051995e-02 4.526191651821136475e-01
2.740484429065744021e-02 4.526191651821136475e-01
2.698961937716263040e-02 4.525179564952850342e-01
2.698961937716263040e-02 4.525179564952850342e-01
3.114186851211072499e-02 4.527055025100708008e-01
3.114186851211072499e-02 4.527055025100708008e-01
2.740484429065744021e-02 4.525629281997680664e-01
2.740484429065744021e-02 4.525629281997680664e-01
3.252595155709342434e-02 4.524497985839843750e-01
3.252595155709342434e-02 4.524497985839843750e-01
3.058823529411764872e-02 4.524267613887786865e-01
3.058823529411764872e-02 4.524267613887786865e-01
2.865051903114186962e-02 4.524177312850952148e-01
2.865051903114186962e-02 4.524177312850952148e-01
3.031141868512110885e-02 4.524163603782653809e-01
3.031141868512110885e-02 4.524163603782653809e-01
3.086505190311418512e-02 4.523981213569641113e-01
2.408304498269896177e-02 4.523981213569641113e-01
2.961937716262975917e-02 4.525905549526214600e-01
2.961937716262975917e-02 4.525905549526214600e-01
2.588235294117647092e-02 4.523786008358001709e-01
2.588235294117647092e-02 4.523786008358001709e-01
3.155709342560553826e-02 4.524505436420440674e-01
3.155709342560553826e-02 4.524505436420440674e-01
3.058823529411764872e-02 4.525645971298217773e-01
3.058823529411764872e-02 4.525645971298217773e-01
2.671280276816609053e-02 4.524963498115539551e-01
2.671280276816609053e-02 4.524963498115539551e-01
2.532871972318339118e-02 4.524225294589996338e-01
2.532871972318339118e-02 4.524225294589996338e-01
2.339100346020761209e-02 4.525734782218933105e-01
2.906574394463667943e-02 4.525734782218933105e-01
3.335640138408304395e-02 4.526247084140777588e-01
3.335640138408304395e-02 4.526247084140777588e-01
2.297577854671280229e-02 4.524393081665039062e-01
2.297577854671280229e-02 4.524393081665039062e-01
2.712802768166090034e-02 4.523958861827850342e-01
2.712802768166090034e-02 4.523958861827850342e-01
