2.702222222222222178e-02 5.086042881011962891e-01
2.808888888888888893e-02 5.086042881011962891e-01
3.413333333333333497e-02 5.084099173545837402e-01
3.413333333333333497e-02 5.084099173545837402e-01
2.808888888888888893e-02 5.089469552040100098e-01
2.808888888888888893e-02 5.089469552040100098e-01
2.328888888888889022e-02 5.086262226104736328e-01
2.328888888888889022e-02 5.086262226104736328e-01
2.222222222222222307e-02 5.090052485466003418e-01
2.222222222222222307e-02 5.090052485466003418e-01
3.271111111111111441e-02 5.085288882255554199e-01
3.271111111111111441e-02 5.085288882255554199e-01
2.382222222222222380e-02 5.085551738739013672e-01
2.382222222222222380e-02 5.085551738739013672e-01
2.044444444444444564e-02 5.085449814796447754e-01
2.044444444444444564e-02 5.085449814796447754e-01
2.737777777777777866e-02 5.087415575981140137e-01
2.737777777777777866e-02 5.087415575981140137e-01
2.382222222222222380e-02 5.087071061134338379e-01
2.382222222222222380e-02 5.087071061134338379e-01
3.057777777777777664e-02 5.089731812477111816e-01
3.057777777777777664e-02 5.089731812477111816e-01
2.275555555555555665e-02 5.089773535728454590e-01
2.275555555555555665e-02 5.089773535728454590e-01
2.737777777777777866e-02 5.087659955024719238e-01
2.737777777777777866e-02 5.087659955024719238e-01
2.488888888888888748e-02 5.089337229728698730e-01
2.488888888888888748e-02 5.089337229728698730e-01
2.542222222222222106e-02 5.088996887207031250e-01
2.542222222222222106e-02 5.088996887207031250e-01
2.844444444444444581e-02 5.089012980461120605e-01
2.844444444444444581e-02 5.089012980461120605e-01
2.186666666666666620e-02 5.089098811149597168e-01
2.186666666666666620e-02 5.089098811149597168e-01
2.666666666666666838e-02 5.086601972579956055e-01
2.666666666666666838e-02 5.086601972579956055e-01
2.417777777777777720e-02 5.089694261550903320e-01
2.417777777777777720e-02 5.089694261550903320e-01
2.453333333333333408e-02 5.086620450019836426e-01
2.453333333333333408e-02 5.086620450019836426e-01
2.097777777777777922e-02 5.088288187980651855e-01
2.097777777777777922e-02 5.088288187980651855e-01
2.364444444444444363e-02 5.089859366416931152e-01
2.364444444444444363e-02 5.089859366416931152e-01
2.328888888888889022e-02 5.088890790939331055e-01
2.328888888888889022e-02 5.088890790939331055e-01
2.400000000000000050e-02 5.087916851043701172e-01
2.400000000000000050e-02 5.087916851043701172e-01
2.115555555555555592e-02 5.085886120796203613e-01
2.115555555555555592e-02 5.085886120796203613e-01
2.595555555555555463e-02 5.086781978607177734e-01
2.595555555555555463e-02 5.086781978607177734e-01
2.346666666666666692e-02 5.088601112365722656e-01
2.346666666666666692e-02 5.088601112365722656e-01
2.044444444444444564e-02 5.088079571723937988e-01
2.044444444444444564e-02 5.088079571723937988e-01
2.328888888888889022e-02 5.087743401527404785e-01
2.328888888888889022e-02 5.087743401527404785e-01
2.293333333333333335e-02 5.089240074157714844e-01
2.293333333333333335e-02 5.089240074157714844e-01
2.755555555555555536e-02 5.088068246841430664e-01
2.755555555555555536e-02 5.088068246841430664e-01
2.915555555555555609e-02 5.088230371475219727e-01
2.915555555555555609e-02 5.088230371475219727e-01
3.111111111111111022e-02 5.087935924530029297e-01
3.111111111111111022e-02 5.087935924530029297e-01
2.346666666666666692e-02 5.088194608688354492e-01
2.346666666666666692e-02 5.088194608688354492e-01
1.706666666666666748e-02 5.088844299316406250e-01
1.706666666666666748e-02 5.088844299316406250e-01
3.039999999999999994e-02 5.089790821075439453e-01
3.039999999999999994e-02 5.089790821075439453e-01
2.684444444444444508e-02 5.088210105895996094e-01
2.684444444444444508e-02 5.088210105895996094e-01
2.702222222222222178e-02 5.088271498680114746e-01
2.702222222222222178e-02 5.088271498680114746e-01
2.755555555555555536e-02 5.088996291160583496e-01
2.755555555555555536e-02 5.088996291160583496e-01
3.182222222222222396e-02 5.089253783226013184e-01
3.182222222222222396e-02 5.089253783226013184e-01
3.093333333333333351e-02 5.089805126190185547e-01
3.093333333333333351e-02 5.089805126190185547e-01
2.666666666666666838e-02 5.088638067245483398e-01
2.666666666666666838e-02 5.088638067245483398e-01
2.595555555555555463e-02 5.088902115821838379e-01
2.595555555555555463e-02 5.088902115821838379e-01
2.719999999999999848e-02 5.089349746704101562e-01
2.719999999999999848e-02 5.089349746704101562e-01
3.306666666666666782e-02 5.089570879936218262e-01
3.306666666666666782e-02 5.089570879936218262e-01
2.453333333333333408e-02 5.090706944465637207e-01
2.453333333333333408e-02 5.090706944465637207e-01
3.075555555555555681e-02 5.090700387954711914e-01
3.075555555555555681e-02 5.090700387954711914e-01
2.791111111111111223e-02 5.089529156684875488e-01
1.991111111111111207e-02 5.089529156684875488e-01
1.902222222222222162e-02 5.088939666748046875e-01
1.902222222222222162e-02 5.088939666748046875e-01
2.364444444444444363e-02 5.090703368186950684e-01
2.471111111111111078e-02 5.090703368186950684e-01
