7.755102040816326710e-03 5.473589301109313965e-01
2.061224489795918449e-02 5.473589301109313965e-01
1.877551020408163227e-02 5.474401116371154785e-01
1.877551020408163227e-02 5.474401116371154785e-01
1.591836734693877556e-02 5.474386811256408691e-01
1.591836734693877556e-02 5.474386811256408691e-01
8.775510204081632057e-03 5.473327040672302246e-01
8.775510204081632057e-03 5.473327040672302246e-01
2.061224489795918449e-02 5.473662018775939941e-01
2.061224489795918449e-02 5.473662018775939941e-01
1.285714285714285691e-02 5.474126935005187988e-01
1.285714285714285691e-02 5.474126935005187988e-01
1.591836734693877556e-02 5.473673343658447266e-01
1.591836734693877556e-02 5.473673343658447266e-01
2.081632653061224469e-02 5.472227334976196289e-01
2.081632653061224469e-02 5.472227334976196289e-01
1.755102040816326411e-02 5.473122596740722656e-01
1.489795918367346934e-02 5.473122596740722656e-01
9.387755102040816133e-03 5.472488403320312500e-01
9.387755102040816133e-03 5.472488403320312500e-01
1.061224489795918428e-02 5.473536252975463867e-01
1.061224489795918428e-02 5.473536252975463867e-01
1.755102040816326411e-02 5.473141670227050781e-01
1.755102040816326411e-02 5.473141670227050781e-01
1.693877551020408004e-02 5.472975969314575195e-01
1.693877551020408004e-02 5.472975969314575195e-01
1.244897959183673478e-02 5.472515225410461426e-01
1.244897959183673478e-02 5.472515225410461426e-01
1.183673469387755070e-02 5.475944280624389648e-01
1.183673469387755070e-02 5.475944280624389648e-01
1.346938775510204099e-02 5.475760102272033691e-01
1.346938775510204099e-02 5.475760102272033691e-01
1.326530612244897905e-02 5.478847026824951172e-01
1.326530612244897905e-02 5.478847026824951172e-01
1.714285714285714371e-02 5.472866892814636230e-01
1.714285714285714371e-02 5.472866892814636230e-01
2.387755102040816160e-02 5.474951863288879395e-01
2.244897959183673325e-02 5.474951863288879395e-01
1.530612244897959148e-02 5.473905205726623535e-01
1.530612244897959148e-02 5.473905205726623535e-01
2.816326530612245013e-02 5.473584532737731934e-01
2.816326530612245013e-02 5.473584532737731934e-01
1.428571428571428527e-02 5.469526052474975586e-01
1.755102040816326411e-02 5.469526052474975586e-01
1.877551020408163227e-02 5.471846461296081543e-01
1.877551020408163227e-02 5.471846461296081543e-01
1.857142857142857206e-02 5.472195148468017578e-01
1.857142857142857206e-02 5.472195148468017578e-01
1.979591836734694021e-02 5.471286773681640625e-01
2.265306122448979692e-02 5.471286773681640625e-01
1.510204081632653128e-02 5.473132729530334473e-01
1.510204081632653128e-02 5.473132729530334473e-01
1.102040816326530642e-02 5.473009943962097168e-01
1.102040816326530642e-02 5.473009943962097168e-01
1.673469387755101984e-02 5.473886728286743164e-01
1.673469387755101984e-02 5.473886728286743164e-01
1.734693877551020391e-02 5.473490357398986816e-01
1.734693877551020391e-02 5.473490357398986816e-01
1.612244897959183576e-02 5.471986532211303711e-01
1.612244897959183576e-02 5.471986532211303711e-01
1.897959183673469247e-02 5.471609234809875488e-01
1.897959183673469247e-02 5.471609234809875488e-01
1.979591836734694021e-02 5.474253296852111816e-01
1.979591836734694021e-02 5.474253296852111816e-01
1.510204081632653128e-02 5.471937656402587891e-01
1.510204081632653128e-02 5.471937656402587891e-01
1.836734693877551186e-02 5.472562313079833984e-01
1.836734693877551186e-02 5.472562313079833984e-01
1.938775510204081634e-02 5.470663309097290039e-01
1.938775510204081634e-02 5.470663309097290039e-01
2.469387755102040935e-02 5.471494197845458984e-01
2.469387755102040935e-02 5.471494197845458984e-01
1.632653061224489943e-02 5.473635196685791016e-01
1.632653061224489943e-02 5.473635196685791016e-01
1.489795918367346934e-02 5.472418069839477539e-01
1.489795918367346934e-02 5.472418069839477539e-01
1.591836734693877556e-02 5.471393465995788574e-01
1.591836734693877556e-02 5.471393465995788574e-01
1.387755102040816313e-02 5.474405288696289062e-01
1.387755102040816313e-02 5.474405288696289062e-01
1.755102040816326411e-02 5.471827983856201172e-01
1.755102040816326411e-02 5.471827983856201172e-01
2.346938775510204120e-02 5.472000837326049805e-01
2.346938775510204120e-02 5.472000837326049805e-01
2.000000000000000042e-02 5.471832752227783203e-01
2.000000000000000042e-02 5.471832752227783203e-01
2.612244897959183770e-02 5.471672415733337402e-01
2.612244897959183770e-02 5.471672415733337402e-01
1.795918367346938799e-02 5.473326444625854492e-01
1.795918367346938799e-02 5.473326444625854492e-01
1.612244897959183576e-02 5.473108291625976562e-01
1.612244897959183576e-02 5.473108291625976562e-01
2.285714285714285712e-02 5.472054481506347656e-01
2.285714285714285712e-02 5.472054481506347656e-01
4.693877551020408066e-03 5.473472476005554199e-01
4.693877551020408066e-03 5.473472476005554199e-01
2.244897959183673325e-02 5.471791028976440430e-01
2.244897959183673325e-02 5.471791028976440430e-01
1.979591836734694021e-02 5.471944212913513184e-01
1.979591836734694021e-02 5.471944212913513184e-01
