1.301775147928994035e-02 5.883816480636596680e-01
1.443786982248520742e-02 5.883816480636596680e-01
3.313609467455621432e-03 5.881243348121643066e-01
3.313609467455621432e-03 5.881243348121643066e-01
1.420118343195266204e-03 5.883109569549560547e-01
8.757396449704142605e-03 5.883109569549560547e-01
6.627218934911242865e-03 5.882682800292968750e-01
6.627218934911242865e-03 5.882682800292968750e-01
1.325443786982248573e-02 5.883032679557800293e-01
5.917159763313609329e-03 5.883032679557800293e-01
5.917159763313609329e-03 5.883211493492126465e-01
5.680473372781064817e-03 5.883211493492126465e-01
8.284023668639053581e-03 5.882714986801147461e-01
8.284023668639053581e-03 5.882714986801147461e-01
1.278106508875739671e-02 5.882089734077453613e-01
1.278106508875739671e-02 5.882089734077453613e-01
5.680473372781064817e-03 5.881030559539794922e-01
5.680473372781064817e-03 5.881030559539794922e-01
7.100591715976331021e-04 5.884576439857482910e-01
7.100591715976331021e-04 5.884576439857482910e-01
3.313609467455621432e-03 5.882731080055236816e-01
3.313609467455621432e-03 5.882731080055236816e-01
2.130177514792899306e-03 5.878387689590454102e-01
2.130177514792899306e-03 5.878387689590454102e-01
2.035502958579881588e-02 5.881578326225280762e-01
2.035502958579881588e-02 5.881578326225280762e-01
8.757396449704142605e-03 5.880135893821716309e-01
8.757396449704142605e-03 5.880135893821716309e-01
3.313609467455621432e-03 5.882117748260498047e-01
3.313609467455621432e-03 5.882117748260498047e-01
5.207100591715976660e-03 5.884371995925903320e-01
5.207100591715976660e-03 5.884371995925903320e-01
1.656804733727810716e-03 5.883384346961975098e-01
1.656804733727810716e-03 5.883384346961975098e-01
8.047337278106508202e-03 5.885499715805053711e-01
8.047337278106508202e-03 5.885499715805053711e-01
8.994082840236686249e-03 5.880563855171203613e-01
8.994082840236686249e-03 5.880563855171203613e-01
3.313609467455621432e-03 5.881899595260620117e-01
3.313609467455621432e-03 5.881899595260620117e-01
1.230769230769230768e-02 5.881362557411193848e-01
1.230769230769230768e-02 5.881362557411193848e-01
7.100591715976331021e-03 5.885218381881713867e-01
7.100591715976331021e-03 5.885218381881713867e-01
1.420118343195266204e-02 5.886570811271667480e-01
1.420118343195266204e-02 5.886570811271667480e-01
8.284023668639053581e-03 5.883289575576782227e-01
8.284023668639053581e-03 5.883289575576782227e-01
3.786982248520710023e-03 5.883542895317077637e-01
3.786982248520710023e-03 5.883542895317077637e-01
1.562130177514792911e-02 5.887443423271179199e-01
1.562130177514792911e-02 5.887443423271179199e-01
1.420118343195266204e-03 5.882096290588378906e-01
1.420118343195266204e-03 5.882096290588378906e-01
1.325443786982248573e-02 5.884339213371276855e-01
1.325443786982248573e-02 5.884339213371276855e-01
1.136094674556212963e-02 5.884427428245544434e-01
1.136094674556212963e-02 5.884427428245544434e-01
1.443786982248520742e-02 5.885717868804931641e-01
1.443786982248520742e-02 5.885717868804931641e-01
1.656804733727810716e-03 5.881785154342651367e-01
1.656804733727810716e-03 5.881785154342651367e-01
4.260355029585798613e-03 5.885316729545593262e-01
4.260355029585798613e-03 5.885316729545593262e-01
1.088757396449704061e-02 5.883998274803161621e-01
1.088757396449704061e-02 5.883998274803161621e-01
1.230769230769230768e-02 5.883366465568542480e-01
1.230769230769230768e-02 5.883366465568542480e-01
1.041420118343195332e-02 5.882670879364013672e-01
1.041420118343195332e-02 5.882670879364013672e-01
1.207100591715976404e-02 5.882848501205444336e-01
1.207100591715976404e-02 5.882848501205444336e-01
4.023668639053254101e-03 5.880731940269470215e-01
1.041420118343195332e-02 5.880731940269470215e-01
1.349112426035502937e-02 5.881828069686889648e-01
1.349112426035502937e-02 5.881828069686889648e-01
1.893491124260355011e-03 5.880509614944458008e-01
1.893491124260355011e-03 5.880509614944458008e-01
1.372781065088757475e-02 5.881614089012145996e-01
1.088757396449704061e-02 5.881614089012145996e-01
1.207100591715976404e-02 5.882775187492370605e-01
1.207100591715976404e-02 5.882775187492370605e-01
1.538461538461538547e-02 5.883563160896301270e-01
1.538461538461538547e-02 5.883563160896301270e-01
1.349112426035502937e-02 5.883477330207824707e-01
1.349112426035502937e-02 5.883477330207824707e-01
3.786982248520710023e-03 5.880659818649291992e-01
3.786982248520710023e-03 5.880659818649291992e-01
8.520710059171597225e-03 5.881454348564147949e-01
9.704142011834318918e-03 5.881454348564147949e-01
4.733727810650887637e-03 5.885438919067382812e-01
4.733727810650887637e-03 5.885438919067382812e-01
5.443786982248520305e-03 5.881632566452026367e-01
5.443786982248520305e-03 5.881632566452026367e-01
5.443786982248520305e-03 5.884075164794921875e-01
5.443786982248520305e-03 5.884075164794921875e-01
4.497041420118343125e-03 5.882647037506103516e-01
4.497041420118343125e-03 5.882647037506103516e-01
3.313609467455621432e-03 5.881644487380981445e-01
3.313609467455621432e-03 5.881644487380981445e-01
