1.323484148968913539e-02 6.653366088867187500e-01
1.508156355801785163e-02 6.653366088867187500e-01
1.323484148968913539e-02 6.654239892959594727e-01
1.323484148968913539e-02 6.654239892959594727e-01
2.062172976300400210e-02 6.653415560722351074e-01
2.062172976300400210e-02 6.653415560722351074e-01
7.694675284702985792e-03 6.656365990638732910e-01
7.694675284702985792e-03 6.656365990638732910e-01
2.031394275161588214e-02 6.654476523399353027e-01
2.031394275161588214e-02 6.654476523399353027e-01
1.200369344413665731e-02 6.653776764869689941e-01
1.200369344413665731e-02 6.653776764869689941e-01
1.231148045552477727e-02 6.652903556823730469e-01
1.231148045552477727e-02 6.652903556823730469e-01
1.446598953524161346e-02 6.654708981513977051e-01
1.446598953524161346e-02 6.654708981513977051e-01
9.541397353031702902e-03 6.649315357208251953e-01
9.541397353031702902e-03 6.649315357208251953e-01
1.046475838719606102e-02 6.654885411262512207e-01
2.185287780855647843e-02 6.654885411262512207e-01
1.292705447830101544e-02 6.656318306922912598e-01
1.323484148968913539e-02 6.656318306922912598e-01
1.292705447830101544e-02 6.655300855636596680e-01
1.292705447830101544e-02 6.655300855636596680e-01
9.849184364419821119e-03 6.652708053588867188e-01
9.849184364419821119e-03 6.652708053588867188e-01
1.292705447830101544e-02 6.654371619224548340e-01
1.292705447830101544e-02 6.654371619224548340e-01
1.292705447830101544e-02 6.655321121215820312e-01
1.292705447830101544e-02 6.655321121215820312e-01
1.261926746691289548e-02 6.658350825309753418e-01
1.261926746691289548e-02 6.658350825309753418e-01
8.618036318867343046e-03 6.654561758041381836e-01
5.540166204986149597e-03 6.654561758041381836e-01
9.233610341643582950e-03 6.654708385467529297e-01
9.233610341643582950e-03 6.654708385467529297e-01
1.200369344413665731e-02 6.659894585609436035e-01
1.200369344413665731e-02 6.659894585609436035e-01
8.002462296091104876e-03 6.656970381736755371e-01
8.002462296091104876e-03 6.656970381736755371e-01
1.138811942136041915e-02 6.655384302139282227e-01
1.138811942136041915e-02 6.655384302139282227e-01
1.354262850107725534e-02 6.654810905456542969e-01
1.354262850107725534e-02 6.654810905456542969e-01
2.123730378578023853e-02 6.656038165092468262e-01
2.123730378578023853e-02 6.656038165092468262e-01
8.618036318867343046e-03 6.653382182121276855e-01
8.618036318867343046e-03 6.653382182121276855e-01
8.002462296091104876e-03 6.657018065452575684e-01
8.002462296091104876e-03 6.657018065452575684e-01
1.385041551246537356e-02 6.655353903770446777e-01
1.385041551246537356e-02 6.655353903770446777e-01
1.723607263773468609e-02 6.653688549995422363e-01
1.723607263773468609e-02 6.653688549995422363e-01
1.815943367189904595e-02 6.652994751930236816e-01
1.815943367189904595e-02 6.652994751930236816e-01
8.002462296091104876e-03 6.656134724617004395e-01
8.002462296091104876e-03 6.656134724617004395e-01
1.077254539858417924e-02 6.655561923980712891e-01
1.077254539858417924e-02 6.655561923980712891e-01
1.538935056940597158e-02 6.655545830726623535e-01
1.538935056940597158e-02 6.655545830726623535e-01
1.385041551246537356e-02 6.651589870452880859e-01
1.385041551246537356e-02 6.651589870452880859e-01
1.723607263773468609e-02 6.658387780189514160e-01
1.723607263773468609e-02 6.658387780189514160e-01
1.508156355801785163e-02 6.654564142227172852e-01
1.508156355801785163e-02 6.654564142227172852e-01
9.849184364419821119e-03 6.657589673995971680e-01
9.849184364419821119e-03 6.657589673995971680e-01
1.415820252385349351e-02 6.659269928932189941e-01
1.415820252385349351e-02 6.659269928932189941e-01
1.046475838719606102e-02 6.659575700759887695e-01
1.046475838719606102e-02 6.659575700759887695e-01
1.415820252385349351e-02 6.655929684638977051e-01
1.415820252385349351e-02 6.655929684638977051e-01
1.877500769467528585e-02 6.653705835342407227e-01
1.877500769467528585e-02 6.653705835342407227e-01
1.415820252385349351e-02 6.653825640678405762e-01
1.415820252385349351e-02 6.653825640678405762e-01
9.233610341643582950e-03 6.654801368713378906e-01
9.233610341643582950e-03 6.654801368713378906e-01
1.292705447830101544e-02 6.652998328208923340e-01
1.292705447830101544e-02 6.652998328208923340e-01
1.815943367189904595e-02 6.654730439186096191e-01
1.815943367189904595e-02 6.654730439186096191e-01
2.031394275161588214e-02 6.655855178833007812e-01
2.031394275161588214e-02 6.655855178833007812e-01
1.662049861495844966e-02 6.654527783393859863e-01
1.662049861495844966e-02 6.654527783393859863e-01
1.446598953524161346e-02 6.655122041702270508e-01
1.446598953524161346e-02 6.655122041702270508e-01
1.323484148968913539e-02 6.658310294151306152e-01
1.323484148968913539e-02 6.658310294151306152e-01
1.446598953524161346e-02 6.654316186904907227e-01
1.446598953524161346e-02 6.654316186904907227e-01
1.231148045552477727e-02 6.658207774162292480e-01
1.231148045552477727e-02 6.658207774162292480e-01
1.200369344413665731e-02 6.659229397773742676e-01
2.123730378578023853e-02 6.659229397773742676e-01
