0.000000000000000000e+00 7.079300880432128906e-01
1.028806584362140005e-03 7.079300880432128906e-01
1.714677640603566458e-03 7.077888846397399902e-01
5.486968449931412493e-03 7.077888846397399902e-01
2.057613168724280010e-03 7.073231339454650879e-01
2.057613168724280010e-03 7.073231339454650879e-01
1.371742112482853123e-03 7.075097560882568359e-01
1.371742112482853123e-03 7.075097560882568359e-01
3.429355281207132808e-04 7.074303030967712402e-01
3.429355281207132808e-04 7.074303030967712402e-01
1.714677640603566458e-03 7.078168988227844238e-01
1.714677640603566458e-03 7.078168988227844238e-01
6.858710562414265617e-04 7.075525522232055664e-01
6.858710562414265617e-04 7.075525522232055664e-01
1.028806584362140005e-03 7.074985504150390625e-01
6.858710562414265617e-04 7.074985504150390625e-01
6.858710562414265617e-04 7.074220776557922363e-01
6.858710562414265617e-04 7.074220776557922363e-01
6.858710562414265617e-04 7.076892256736755371e-01
6.858710562414265617e-04 7.076892256736755371e-01
3.772290809327846252e-03 7.078029513359069824e-01
3.772290809327846252e-03 7.078029513359069824e-01
3.429355281207132917e-03 7.078649401664733887e-01
3.429355281207132917e-03 7.078649401664733887e-01
6.858710562414265617e-04 7.076964974403381348e-01
6.858710562414265617e-04 7.076964974403381348e-01
0.000000000000000000e+00 7.074835896492004395e-01
0.000000000000000000e+00 7.074835896492004395e-01
3.429355281207132808e-04 7.077761888504028320e-01
3.429355281207132808e-04 7.077761888504028320e-01
6.858710562414265617e-04 7.078714966773986816e-01
6.858710562414265617e-04 7.078714966773986816e-01
2.057613168724280010e-03 7.076784372329711914e-01
2.057613168724280010e-03 7.076784372329711914e-01
0.000000000000000000e+00 7.079012393951416016e-01
0.000000000000000000e+00 7.079012393951416016e-01
0.000000000000000000e+00 7.084094882011413574e-01
0.000000000000000000e+00 7.084094882011413574e-01
6.858710562414265617e-04 7.077934741973876953e-01
6.858710562414265617e-04 7.077934741973876953e-01
5.144032921810699592e-03 7.079085707664489746e-01
1.371742112482853123e-03 7.079085707664489746e-01
6.515775034293552932e-03 7.077561616897583008e-01
6.515775034293552932e-03 7.077561616897583008e-01
2.057613168724280010e-03 7.082967758178710938e-01
2.057613168724280010e-03 7.082967758178710938e-01
3.086419753086419582e-03 7.073695659637451172e-01
3.086419753086419582e-03 7.073695659637451172e-01
3.429355281207132808e-04 7.077103257179260254e-01
3.429355281207132808e-04 7.077103257179260254e-01
0.000000000000000000e+00 7.073976993560791016e-01
0.000000000000000000e+00 7.073976993560791016e-01
1.371742112482853123e-03 7.077800035476684570e-01
1.371742112482853123e-03 7.077800035476684570e-01
2.400548696844993345e-03 7.073485255241394043e-01
2.400548696844993345e-03 7.073485255241394043e-01
3.429355281207132808e-04 7.070705294609069824e-01
3.429355281207132808e-04 7.070705294609069824e-01
6.858710562414265617e-04 7.075785398483276367e-01
6.858710562414265617e-04 7.075785398483276367e-01
0.000000000000000000e+00 7.078740596771240234e-01
0.000000000000000000e+00 7.078740596771240234e-01
3.086419753086419582e-03 7.078599333763122559e-01
3.086419753086419582e-03 7.078599333763122559e-01
1.440329218106995920e-02 7.080398201942443848e-01
1.440329218106995920e-02 7.080398201942443848e-01
0.000000000000000000e+00 7.073754668235778809e-01
0.000000000000000000e+00 7.073754668235778809e-01
0.000000000000000000e+00 7.074393033981323242e-01
0.000000000000000000e+00 7.074393033981323242e-01
3.429355281207132808e-04 7.076475024223327637e-01
1.920438957475994676e-02 7.076475024223327637e-01
9.945130315500686283e-03 7.073143124580383301e-01
3.086419753086419582e-03 7.073143124580383301e-01
2.743484224965706247e-03 7.076553106307983398e-01
9.945130315500686283e-03 7.076553106307983398e-01
3.429355281207132808e-04 7.079967260360717773e-01
6.858710562414265834e-03 7.079967260360717773e-01
1.714677640603566458e-03 7.076503038406372070e-01
4.458161865569272922e-03 7.076503038406372070e-01
6.858710562414265617e-04 7.074945569038391113e-01
1.371742112482853123e-03 7.074945569038391113e-01
6.858710562414265617e-04 7.078622579574584961e-01
3.429355281207132917e-03 7.078622579574584961e-01
3.429355281207132808e-04 7.077620625495910645e-01
3.429355281207132808e-04 7.077620625495910645e-01
1.371742112482853123e-03 7.079474925994873047e-01
3.429355281207132808e-04 7.079474925994873047e-01
6.858710562414265617e-04 7.079693675041198730e-01
3.429355281207132808e-04 7.079693675041198730e-01
3.086419753086419582e-03 7.076004743576049805e-01
1.371742112482853123e-03 7.076004743576049805e-01
1.028806584362140005e-03 7.078250050544738770e-01
6.858710562414265617e-04 7.078250050544738770e-01
6.858710562414265834e-03 7.077458500862121582e-01
2.400548696844993345e-03 7.077458500862121582e-01
3.429355281207132808e-04 7.071016430854797363e-01
3.772290809327846252e-03 7.071016430854797363e-01
1.200274348422496543e-02 7.077490687370300293e-01
1.200274348422496543e-02 7.077490687370300293e-01
