2.464000000000000079e-01 3.061326146125793457e-01
2.464000000000000079e-01 3.061326146125793457e-01
2.412799999999999945e-01 3.062333762645721436e-01
2.412799999999999945e-01 3.062333762645721436e-01
2.648960000000000203e-01 3.059752881526947021e-01
2.648960000000000203e-01 3.059752881526947021e-01
2.510080000000000089e-01 3.061135709285736084e-01
2.510080000000000089e-01 3.061135709285736084e-01
2.378879999999999884e-01 3.062058985233306885e-01
2.378879999999999884e-01 3.062058985233306885e-01
2.399360000000000104e-01 3.063099980354309082e-01
2.399360000000000104e-01 3.063099980354309082e-01
2.577280000000000126e-01 3.061152100563049316e-01
2.577280000000000126e-01 3.061152100563049316e-01
2.542719999999999980e-01 3.059108555316925049e-01
2.542719999999999980e-01 3.059108555316925049e-01
2.499200000000000033e-01 3.060995638370513916e-01
2.499200000000000033e-01 3.060995638370513916e-01
2.388480000000000047e-01 3.060927987098693848e-01
2.388480000000000047e-01 3.060927987098693848e-01
2.405120000000000036e-01 3.063044250011444092e-01
2.405120000000000036e-01 3.063044250011444092e-01
2.472320000000000073e-01 3.063374161720275879e-01
2.472320000000000073e-01 3.063374161720275879e-01
2.410239999999999883e-01 3.060379326343536377e-01
2.410239999999999883e-01 3.060379326343536377e-01
2.400639999999999996e-01 3.060068488121032715e-01
2.400639999999999996e-01 3.060068488121032715e-01
2.512639999999999874e-01 3.060218691825866699e-01
2.512639999999999874e-01 3.060218691825866699e-01
2.419840000000000046e-01 3.060563504695892334e-01
2.419840000000000046e-01 3.060563504695892334e-01
2.460160000000000124e-01 3.058199286460876465e-01
2.460160000000000124e-01 3.058199286460876465e-01
2.485759999999999914e-01 3.060388863086700439e-01
2.485759999999999914e-01 3.060388863086700439e-01
2.435839999999999950e-01 3.060910403728485107e-01
2.435839999999999950e-01 3.060910403728485107e-01
2.397440000000000127e-01 3.060981333255767822e-01
2.397440000000000127e-01 3.060981333255767822e-01
2.323840000000000072e-01 3.060631453990936279e-01
2.323840000000000072e-01 3.060631453990936279e-01
2.436480000000000035e-01 3.061123490333557129e-01
2.436480000000000035e-01 3.061123490333557129e-01
2.413440000000000030e-01 3.060798346996307373e-01
2.413440000000000030e-01 3.060798346996307373e-01
2.581760000000000166e-01 3.061392903327941895e-01
2.581760000000000166e-01 3.061392903327941895e-01
2.378879999999999884e-01 3.062610626220703125e-01
2.378879999999999884e-01 3.062610626220703125e-01
2.354559999999999986e-01 3.061546087265014648e-01
2.354559999999999986e-01 3.061546087265014648e-01
2.486399999999999999e-01 3.062516748905181885e-01
2.486399999999999999e-01 3.062516748905181885e-01
2.263040000000000052e-01 3.062956035137176514e-01
2.263040000000000052e-01 3.062956035137176514e-01
2.455040000000000000e-01 3.063378930091857910e-01
2.455040000000000000e-01 3.063378930091857910e-01
2.330879999999999896e-01 3.059193789958953857e-01
2.330879999999999896e-01 3.059193789958953857e-01
2.334720000000000129e-01 3.064167201519012451e-01
2.334720000000000129e-01 3.064167201519012451e-01
2.238719999999999877e-01 3.063567578792572021e-01
2.238719999999999877e-01 3.063567578792572021e-01
2.272639999999999938e-01 3.061816990375518799e-01
2.272639999999999938e-01 3.061816990375518799e-01
2.168960000000000055e-01 3.062950968742370605e-01
2.168960000000000055e-01 3.062950968742370605e-01
2.216960000000000042e-01 3.064349889755249023e-01
2.216960000000000042e-01 3.064349889755249023e-01
2.345599999999999907e-01 3.063803315162658691e-01
2.345599999999999907e-01 3.063803315162658691e-01
2.266880000000000006e-01 3.062794208526611328e-01
2.266880000000000006e-01 3.062794208526611328e-01
2.244480000000000086e-01 3.057538568973541260e-01
2.344960000000000100e-01 3.057538568973541260e-01
2.348800000000000054e-01 3.064118921756744385e-01
2.348800000000000054e-01 3.064118921756744385e-01
2.424959999999999893e-01 3.063881099224090576e-01
2.424959999999999893e-01 3.063881099224090576e-01
2.416639999999999899e-01 3.063204288482666016e-01
2.416639999999999899e-01 3.063204288482666016e-01
2.375039999999999929e-01 3.065206408500671387e-01
2.375039999999999929e-01 3.065206408500671387e-01
2.314239999999999908e-01 3.064846694469451904e-01
2.314239999999999908e-01 3.064846694469451904e-01
2.436480000000000035e-01 3.063093423843383789e-01
2.436480000000000035e-01 3.063093423843383789e-01
2.250880000000000103e-01 3.063384890556335449e-01
2.250880000000000103e-01 3.063384890556335449e-01
2.389120000000000132e-01 3.063080012798309326e-01
2.389120000000000132e-01 3.063080012798309326e-01
2.193279999999999952e-01 3.062344789505004883e-01
2.193279999999999952e-01 3.062344789505004883e-01
2.316799999999999971e-01 3.061175644397735596e-01
2.316799999999999971e-01 3.061175644397735596e-01
2.191359999999999975e-01 3.061420321464538574e-01
2.191359999999999975e-01 3.061420321464538574e-01
2.401280000000000081e-01 3.060804605484008789e-01
2.401280000000000081e-01 3.060804605484008789e-01
1.180165289256198402e-01 3.492230176925659180e-01
1.304958677685950363e-01 3.492230176925659180e-01
1.199173553719008328e-01 3.491742312908172607e-01
1.199173553719008328e-01 3.491742312908172607e-01
1.214049586776859563e-01 3.491413593292236328e-01
1.214049586776859563e-01 3.491413593292236328e-01
1.358677685950413216e-01 3.489978611469268799e-01
1.358677685950413216e-01 3.489978611469268799e-01
1.099173553719008239e-01 3.490373492240905762e-01
1.099173553719008239e-01 3.490373492240905762e-01
1.250413223140495744e-01 3.487562239170074463e-01
1.250413223140495744e-01 3.487562239170074463e-01
1.222314049586776807e-01 3.490943014621734619e-01
1.222314049586776807e-01 3.490943014621734619e-01
1.152892561983471093e-01 3.493364453315734863e-01
1.183471074380165328e-01 3.493364453315734863e-01
1.300000000000000044e-01 3.489632010459899902e-01
1.300000000000000044e-01 3.489632010459899902e-01
1.270247933884297575e-01 3.492083549499511719e-01
1.270247933884297575e-01 3.492083549499511719e-01
1.183471074380165328e-01 3.490422964096069336e-01
1.183471074380165328e-01 3.490422964096069336e-01
1.283471074380165278e-01 3.491903245449066162e-01
1.283471074380165278e-01 3.491903245449066162e-01
1.136363636363636326e-01 3.491320908069610596e-01
1.137190082644628092e-01 3.491320908069610596e-01
1.231404958677685957e-01 3.490698635578155518e-01
1.231404958677685957e-01 3.490698635578155518e-01
1.155371900826446252e-01 3.492968082427978516e-01
1.155371900826446252e-01 3.492968082427978516e-01
1.276033057851239660e-01 3.492059409618377686e-01
1.276033057851239660e-01 3.492059409618377686e-01
1.231404958677685957e-01 3.486804366111755371e-01
1.195041322314049637e-01 3.486804366111755371e-01
1.113223140495867708e-01 3.491074144840240479e-01
1.113223140495867708e-01 3.491074144840240479e-01
1.142148760330578550e-01 3.487648069858551025e-01
1.142148760330578550e-01 3.487648069858551025e-01
1.203305785123966881e-01 3.490536212921142578e-01
1.203305785123966881e-01 3.490536212921142578e-01
1.149586776859504167e-01 3.492923378944396973e-01
1.149586776859504167e-01 3.492923378944396973e-01
1.090909090909090856e-01 3.492026329040527344e-01
1.090909090909090856e-01 3.492026329040527344e-01
1.175206611570247944e-01 3.491576611995697021e-01
1.175206611570247944e-01 3.491576611995697021e-01
1.198347107438016562e-01 3.491527140140533447e-01
1.198347107438016562e-01 3.491527140140533447e-01
1.232231404958677723e-01 3.491398990154266357e-01
1.240495867768595106e-01 3.491398990154266357e-01
1.255371900826446341e-01 3.491182625293731689e-01
1.203305785123966881e-01 3.491182625293731689e-01
1.255371900826446341e-01 3.491718471050262451e-01
1.255371900826446341e-01 3.491718471050262451e-01
1.171900826446281019e-01 3.488882184028625488e-01
1.255371900826446341e-01 3.488882184028625488e-01
1.251239669421487510e-01 3.489496111869812012e-01
1.251239669421487510e-01 3.489496111869812012e-01
1.245454545454545425e-01 3.490377366542816162e-01
1.245454545454545425e-01 3.490377366542816162e-01
1.338016528925619897e-01 3.489136695861816406e-01
1.292561983471074427e-01 3.489136695861816406e-01
1.268595041322314043e-01 3.490265309810638428e-01
1.268595041322314043e-01 3.490265309810638428e-01
1.258677685950413128e-01 3.488196432590484619e-01
1.258677685950413128e-01 3.488196432590484619e-01
1.244628099173553659e-01 3.488184213638305664e-01
1.244628099173553659e-01 3.488184213638305664e-01
1.381818181818181834e-01 3.488890230655670166e-01
1.381818181818181834e-01 3.488890230655670166e-01
1.291735537190082661e-01 3.489623665809631348e-01
1.291735537190082661e-01 3.489623665809631348e-01
1.332231404958677812e-01 3.490140438079833984e-01
1.332231404958677812e-01 3.490140438079833984e-01
1.350413223140495833e-01 3.487859666347503662e-01
1.350413223140495833e-01 3.487859666347503662e-01
1.308264462809917428e-01 3.486874997615814209e-01
1.308264462809917428e-01 3.486874997615814209e-01
1.290082644628099129e-01 3.490982055664062500e-01
1.290082644628099129e-01 3.490982055664062500e-01
1.303305785123966831e-01 3.489277362823486328e-01
1.303305785123966831e-01 3.489277362823486328e-01
1.233884297520661116e-01 3.490892946720123291e-01
1.342148760330578450e-01 3.490892946720123291e-01
1.226446280991735499e-01 3.489265739917755127e-01
1.226446280991735499e-01 3.489265739917755127e-01
1.238016528925619808e-01 3.490021824836730957e-01
1.238016528925619808e-01 3.490021824836730957e-01
1.311570247933884215e-01 3.489384055137634277e-01
1.311570247933884215e-01 3.489384055137634277e-01
1.314876033057851279e-01 3.488748669624328613e-01
1.314876033057851279e-01 3.488748669624328613e-01
1.261983471074380192e-01 3.488444089889526367e-01
1.261983471074380192e-01 3.488444089889526367e-01
1.152066115702479326e-01 3.488098084926605225e-01
1.310743801652892448e-01 3.488098084926605225e-01
1.286776859504132342e-01 3.488250970840454102e-01
1.286776859504132342e-01 3.488250970840454102e-01
1.226446280991735499e-01 3.488927185535430908e-01
1.226446280991735499e-01 3.488927185535430908e-01
5.495844875346260483e-02 4.029550254344940186e-01
5.584487534626039057e-02 4.029550254344940186e-01
6.426592797783933775e-02 4.028919637203216553e-01
6.426592797783933775e-02 4.028919637203216553e-01
6.670360110803323639e-02 4.026916921138763428e-01
6.670360110803323639e-02 4.026916921138763428e-01
6.105263157894736531e-02 4.028313457965850830e-01
6.105263157894736531e-02 4.028313457965850830e-01
6.116343490304709113e-02 4.027702510356903076e-01
6.116343490304709113e-02 4.027702510356903076e-01
5.961218836565097129e-02 4.028366804122924805e-01
6.459833795013850133e-02 4.028366804122924805e-01
6.626038781163434699e-02 4.026363193988800049e-01
6.626038781163434699e-02 4.026363193988800049e-01
6.714681440443213967e-02 4.029578566551208496e-01
6.714681440443213967e-02 4.029578566551208496e-01
6.415512465373961193e-02 4.028988480567932129e-01
6.415512465373961193e-02 4.028988480567932129e-01
6.470914127423822715e-02 4.027279913425445557e-01
6.470914127423822715e-02 4.027279913425445557e-01
6.481994459833795297e-02 4.027149081230163574e-01
6.481994459833795297e-02 4.027149081230163574e-01
5.795013850415512563e-02 4.029469788074493408e-01
5.795013850415512563e-02 4.029469788074493408e-01
6.083102493074792061e-02 4.028359651565551758e-01
6.083102493074792061e-02 4.028359651565551758e-01
5.927977839335180077e-02 4.031122028827667236e-01
5.927977839335180077e-02 4.031122028827667236e-01
6.637119113573407281e-02 4.027585685253143311e-01
6.637119113573407281e-02 4.027585685253143311e-01
6.337950138504154507e-02 4.027912914752960205e-01
6.337950138504154507e-02 4.027912914752960205e-01
6.116343490304709113e-02 4.029261767864227295e-01
6.116343490304709113e-02 4.029261767864227295e-01
6.603878116343490923e-02 4.027562737464904785e-01
6.603878116343490923e-02 4.027562737464904785e-01
6.648199445983379863e-02 4.028067290782928467e-01
6.648199445983379863e-02 4.028067290782928467e-01
6.293628808864265567e-02 4.029019176959991455e-01
6.293628808864265567e-02 4.029019176959991455e-01
6.116343490304709113e-02 4.028017818927764893e-01
6.116343490304709113e-02 4.028017818927764893e-01
5.639889196675900579e-02 4.028071463108062744e-01
5.639889196675900579e-02 4.028071463108062744e-01
6.570637119113573177e-02 4.028261303901672363e-01
6.570637119113573177e-02 4.028261303901672363e-01
7.102493074792243233e-02 4.028826057910919189e-01
6.481994459833795297e-02 4.028826057910919189e-01
6.094182825484764643e-02 4.027591049671173096e-01
6.094182825484764643e-02 4.027591049671173096e-01
6.393351800554016029e-02 4.027655720710754395e-01
6.393351800554016029e-02 4.027655720710754395e-01
6.160664819944598053e-02 4.026516973972320557e-01
6.160664819944598053e-02 4.026516973972320557e-01
6.736842105263157743e-02 4.026356339454650879e-01
6.393351800554016029e-02 4.026356339454650879e-01
6.470914127423822715e-02 4.026037752628326416e-01
6.470914127423822715e-02 4.026037752628326416e-01
5.584487534626039057e-02 4.026220142841339111e-01
5.584487534626039057e-02 4.026220142841339111e-01
6.681440443213296221e-02 4.027584493160247803e-01
6.681440443213296221e-02 4.027584493160247803e-01
5.950138504155124547e-02 4.027016162872314453e-01
5.950138504155124547e-02 4.027016162872314453e-01
5.440443213296398961e-02 4.028480350971221924e-01
5.440443213296398961e-02 4.028480350971221924e-01
5.617728531855955415e-02 4.029236733913421631e-01
5.617728531855955415e-02 4.029236733913421631e-01
4.819944598337950331e-02 4.029715359210968018e-01
4.819944598337950331e-02 4.029715359210968018e-01
4.930747922437673375e-02 4.030064344406127930e-01
4.930747922437673375e-02 4.030064344406127930e-01
5.639889196675900579e-02 4.030434191226959229e-01
5.639889196675900579e-02 4.030434191226959229e-01
6.337950138504154507e-02 4.027806520462036133e-01
6.659279778393352445e-02 4.027806520462036133e-01
6.581717451523545759e-02 4.027916491031646729e-01
6.581717451523545759e-02 4.027916491031646729e-01
6.692520775623268803e-02 4.030716419219970703e-01
6.692520775623268803e-02 4.030716419219970703e-01
6.592797783933518341e-02 4.027783572673797607e-01
6.592797783933518341e-02 4.027783572673797607e-01
6.249307479224376627e-02 4.031147658824920654e-01
6.249307479224376627e-02 4.031147658824920654e-01
6.692520775623268803e-02 4.026663005352020264e-01
6.692520775623268803e-02 4.026663005352020264e-01
6.847645429362880787e-02 4.028613269329071045e-01
6.847645429362880787e-02 4.028613269329071045e-01
6.393351800554016029e-02 4.027836024761199951e-01
6.393351800554016029e-02 4.027836024761199951e-01
6.105263157894736531e-02 4.028272926807403564e-01
6.105263157894736531e-02 4.028272926807403564e-01
6.437673130193906357e-02 4.030662775039672852e-01
6.360110803324099671e-02 4.030662775039672852e-01
5.939058171745152659e-02 4.030240774154663086e-01
5.939058171745152659e-02 4.030240774154663086e-01
5.673130193905816937e-02 4.030035436153411865e-01
6.747922437673130325e-02 4.030035436153411865e-01
6.249307479224376627e-02 4.030702710151672363e-01
6.249307479224376627e-02 4.030702710151672363e-01
3.238754325259515787e-02 4.524807929992675781e-01
2.214532871972318268e-02 4.524807929992675781e-01
2.643598615916955066e-02 4.524666368961334229e-01
2.643598615916955066e-02 4.524666368961334229e-01
2.768166089965398008e-02 4.525291621685028076e-01
2.768166089965398008e-02 4.525291621685028076e-01
2.283737024221453235e-02 4.525348246097564697e-01
2.283737024221453235e-02 4.525348246097564697e-01
2.643598615916955066e-02 4.527702033519744873e-01
2.643598615916955066e-02 4.527702033519744873e-01
2.325259515570934216e-02 4.526040554046630859e-01
2.325259515570934216e-02 4.526040554046630859e-01
2.574394463667820099e-02 4.526722133159637451e-01
2.574394463667820099e-02 4.526722133159637451e-01
2.795847750865051995e-02 4.525800645351409912e-01
2.795847750865051995e-02 4.525800645351409912e-01
3.155709342560553826e-02 4.527090191841125488e-01
3.155709342560553826e-02 4.527090191841125488e-01
2.546712802768166112e-02 4.524458050727844238e-01
2.546712802768166112e-02 4.524458050727844238e-01
2.560553633217993105e-02 4.525145292282104492e-01
2.560553633217993105e-02 4.525145292282104492e-01
2.615916955017301079e-02 4.525842964649200439e-01
2.615916955017301079e-02 4.525842964649200439e-01
2.740484429065744021e-02 4.526390135288238525e-01
2.740484429065744021e-02 4.526390135288238525e-01
2.186851211072664281e-02 4.525045454502105713e-01
2.186851211072664281e-02 4.525045454502105713e-01
2.629757785467128073e-02 4.527297019958496094e-01
2.629757785467128073e-02 4.527297019958496094e-01
3.155709342560553826e-02 4.525023996829986572e-01
3.155709342560553826e-02 4.525023996829986572e-01
2.380622837370242190e-02 4.525001943111419678e-01
2.380622837370242190e-02 4.525001943111419678e-01
2.394463667820069183e-02 4.527456462383270264e-01
2.394463667820069183e-02 4.527456462383270264e-01
3.363321799307958382e-02 4.527191221714019775e-01
3.363321799307958382e-02 4.527191221714019775e-01
3.598615916955017618e-02 4.524746835231781006e-01
3.598615916955017618e-02 4.524746835231781006e-01
2.629757785467128073e-02 4.527595639228820801e-01
2.629757785467128073e-02 4.527595639228820801e-01
3.211072664359861800e-02 4.526537358760833740e-01
3.211072664359861800e-02 4.526537358760833740e-01
3.515570934256055657e-02 4.524884521961212158e-01
3.515570934256055657e-02 4.524884521961212158e-01
3.031141868512110885e-02 4.524709880352020264e-01
3.031141868512110885e-02 4.524709880352020264e-01
3.626297577854671605e-02 4.525416791439056396e-01
3.626297577854671605e-02 4.525416791439056396e-01
3.543252595155709644e-02 4.525592327117919922e-01
3.543252595155709644e-02 4.525592327117919922e-01
3.141868512110726486e-02 4.526687264442443848e-01
3.141868512110726486e-02 4.526687264442443848e-01
2.961937716262975917e-02 4.526665806770324707e-01
2.961937716262975917e-02 4.526665806770324707e-01
2.366782006920415196e-02 4.526186883449554443e-01
2.366782006920415196e-02 4.526186883449554443e-01
1.577854671280276913e-02 4.524192810058593750e-01
1.577854671280276913e-02 4.524192810058593750e-01
3.252595155709342434e-02 4.524607658386230469e-01
3.252595155709342434e-02 4.524607658386230469e-01
2.795847750865051995e-02 4.526191651821136475e-01
2.740484429065744021e-02 4.526191651821136475e-01
2.698961937716263040e-02 4.525179564952850342e-01
2.698961937716263040e-02 4.525179564952850342e-01
3.114186851211072499e-02 4.527055025100708008e-01
3.114186851211072499e-02 4.527055025100708008e-01
2.740484429065744021e-02 4.525629281997680664e-01
2.740484429065744021e-02 4.525629281997680664e-01
3.252595155709342434e-02 4.524497985839843750e-01
3.252595155709342434e-02 4.524497985839843750e-01
3.058823529411764872e-02 4.524267613887786865e-01
3.058823529411764872e-02 4.524267613887786865e-01
2.865051903114186962e-02 4.524177312850952148e-01
2.865051903114186962e-02 4.524177312850952148e-01
3.031141868512110885e-02 4.524163603782653809e-01
3.031141868512110885e-02 4.524163603782653809e-01
3.086505190311418512e-02 4.523981213569641113e-01
2.408304498269896177e-02 4.523981213569641113e-01
2.961937716262975917e-02 4.525905549526214600e-01
2.961937716262975917e-02 4.525905549526214600e-01
2.588235294117647092e-02 4.523786008358001709e-01
2.588235294117647092e-02 4.523786008358001709e-01
3.155709342560553826e-02 4.524505436420440674e-01
3.155709342560553826e-02 4.524505436420440674e-01
3.058823529411764872e-02 4.525645971298217773e-01
3.058823529411764872e-02 4.525645971298217773e-01
2.671280276816609053e-02 4.524963498115539551e-01
2.671280276816609053e-02 4.524963498115539551e-01
2.532871972318339118e-02 4.524225294589996338e-01
2.532871972318339118e-02 4.524225294589996338e-01
2.339100346020761209e-02 4.525734782218933105e-01
2.906574394463667943e-02 4.525734782218933105e-01
3.335640138408304395e-02 4.526247084140777588e-01
3.335640138408304395e-02 4.526247084140777588e-01
2.297577854671280229e-02 4.524393081665039062e-01
2.297577854671280229e-02 4.524393081665039062e-01
2.712802768166090034e-02 4.523958861827850342e-01
2.712802768166090034e-02 4.523958861827850342e-01
2.702222222222222178e-02 5.086042881011962891e-01
2.808888888888888893e-02 5.086042881011962891e-01
3.413333333333333497e-02 5.084099173545837402e-01
3.413333333333333497e-02 5.084099173545837402e-01
2.808888888888888893e-02 5.089469552040100098e-01
2.808888888888888893e-02 5.089469552040100098e-01
2.328888888888889022e-02 5.086262226104736328e-01
2.328888888888889022e-02 5.086262226104736328e-01
2.222222222222222307e-02 5.090052485466003418e-01
2.222222222222222307e-02 5.090052485466003418e-01
3.271111111111111441e-02 5.085288882255554199e-01
3.271111111111111441e-02 5.085288882255554199e-01
2.382222222222222380e-02 5.085551738739013672e-01
2.382222222222222380e-02 5.085551738739013672e-01
2.044444444444444564e-02 5.085449814796447754e-01
2.044444444444444564e-02 5.085449814796447754e-01
2.737777777777777866e-02 5.087415575981140137e-01
2.737777777777777866e-02 5.087415575981140137e-01
2.382222222222222380e-02 5.087071061134338379e-01
2.382222222222222380e-02 5.087071061134338379e-01
3.057777777777777664e-02 5.089731812477111816e-01
3.057777777777777664e-02 5.089731812477111816e-01
2.275555555555555665e-02 5.089773535728454590e-01
2.275555555555555665e-02 5.089773535728454590e-01
2.737777777777777866e-02 5.087659955024719238e-01
2.737777777777777866e-02 5.087659955024719238e-01
2.488888888888888748e-02 5.089337229728698730e-01
2.488888888888888748e-02 5.089337229728698730e-01
2.542222222222222106e-02 5.088996887207031250e-01
2.542222222222222106e-02 5.088996887207031250e-01
2.844444444444444581e-02 5.089012980461120605e-01
2.844444444444444581e-02 5.089012980461120605e-01
2.186666666666666620e-02 5.089098811149597168e-01
2.186666666666666620e-02 5.089098811149597168e-01
2.666666666666666838e-02 5.086601972579956055e-01
2.666666666666666838e-02 5.086601972579956055e-01
2.417777777777777720e-02 5.089694261550903320e-01
2.417777777777777720e-02 5.089694261550903320e-01
2.453333333333333408e-02 5.086620450019836426e-01
2.453333333333333408e-02 5.086620450019836426e-01
2.097777777777777922e-02 5.088288187980651855e-01
2.097777777777777922e-02 5.088288187980651855e-01
2.364444444444444363e-02 5.089859366416931152e-01
2.364444444444444363e-02 5.089859366416931152e-01
2.328888888888889022e-02 5.088890790939331055e-01
2.328888888888889022e-02 5.088890790939331055e-01
2.400000000000000050e-02 5.087916851043701172e-01
2.400000000000000050e-02 5.087916851043701172e-01
2.115555555555555592e-02 5.085886120796203613e-01
2.115555555555555592e-02 5.085886120796203613e-01
2.595555555555555463e-02 5.086781978607177734e-01
2.595555555555555463e-02 5.086781978607177734e-01
2.346666666666666692e-02 5.088601112365722656e-01
2.346666666666666692e-02 5.088601112365722656e-01
2.044444444444444564e-02 5.088079571723937988e-01
2.044444444444444564e-02 5.088079571723937988e-01
2.328888888888889022e-02 5.087743401527404785e-01
2.328888888888889022e-02 5.087743401527404785e-01
2.293333333333333335e-02 5.089240074157714844e-01
2.293333333333333335e-02 5.089240074157714844e-01
2.755555555555555536e-02 5.088068246841430664e-01
2.755555555555555536e-02 5.088068246841430664e-01
2.915555555555555609e-02 5.088230371475219727e-01
2.915555555555555609e-02 5.088230371475219727e-01
3.111111111111111022e-02 5.087935924530029297e-01
3.111111111111111022e-02 5.087935924530029297e-01
2.346666666666666692e-02 5.088194608688354492e-01
2.346666666666666692e-02 5.088194608688354492e-01
1.706666666666666748e-02 5.088844299316406250e-01
1.706666666666666748e-02 5.088844299316406250e-01
3.039999999999999994e-02 5.089790821075439453e-01
3.039999999999999994e-02 5.089790821075439453e-01
2.684444444444444508e-02 5.088210105895996094e-01
2.684444444444444508e-02 5.088210105895996094e-01
2.702222222222222178e-02 5.088271498680114746e-01
2.702222222222222178e-02 5.088271498680114746e-01
2.755555555555555536e-02 5.088996291160583496e-01
2.755555555555555536e-02 5.088996291160583496e-01
3.182222222222222396e-02 5.089253783226013184e-01
3.182222222222222396e-02 5.089253783226013184e-01
3.093333333333333351e-02 5.089805126190185547e-01
3.093333333333333351e-02 5.089805126190185547e-01
2.666666666666666838e-02 5.088638067245483398e-01
2.666666666666666838e-02 5.088638067245483398e-01
2.595555555555555463e-02 5.088902115821838379e-01
2.595555555555555463e-02 5.088902115821838379e-01
2.719999999999999848e-02 5.089349746704101562e-01
2.719999999999999848e-02 5.089349746704101562e-01
3.306666666666666782e-02 5.089570879936218262e-01
3.306666666666666782e-02 5.089570879936218262e-01
2.453333333333333408e-02 5.090706944465637207e-01
2.453333333333333408e-02 5.090706944465637207e-01
3.075555555555555681e-02 5.090700387954711914e-01
3.075555555555555681e-02 5.090700387954711914e-01
2.791111111111111223e-02 5.089529156684875488e-01
1.991111111111111207e-02 5.089529156684875488e-01
1.902222222222222162e-02 5.088939666748046875e-01
1.902222222222222162e-02 5.088939666748046875e-01
2.364444444444444363e-02 5.090703368186950684e-01
2.471111111111111078e-02 5.090703368186950684e-01
7.755102040816326710e-03 5.473589301109313965e-01
2.061224489795918449e-02 5.473589301109313965e-01
1.877551020408163227e-02 5.474401116371154785e-01
1.877551020408163227e-02 5.474401116371154785e-01
1.591836734693877556e-02 5.474386811256408691e-01
1.591836734693877556e-02 5.474386811256408691e-01
8.775510204081632057e-03 5.473327040672302246e-01
8.775510204081632057e-03 5.473327040672302246e-01
2.061224489795918449e-02 5.473662018775939941e-01
2.061224489795918449e-02 5.473662018775939941e-01
1.285714285714285691e-02 5.474126935005187988e-01
1.285714285714285691e-02 5.474126935005187988e-01
1.591836734693877556e-02 5.473673343658447266e-01
1.591836734693877556e-02 5.473673343658447266e-01
2.081632653061224469e-02 5.472227334976196289e-01
2.081632653061224469e-02 5.472227334976196289e-01
1.755102040816326411e-02 5.473122596740722656e-01
1.489795918367346934e-02 5.473122596740722656e-01
9.387755102040816133e-03 5.472488403320312500e-01
9.387755102040816133e-03 5.472488403320312500e-01
1.061224489795918428e-02 5.473536252975463867e-01
1.061224489795918428e-02 5.473536252975463867e-01
1.755102040816326411e-02 5.473141670227050781e-01
1.755102040816326411e-02 5.473141670227050781e-01
1.693877551020408004e-02 5.472975969314575195e-01
1.693877551020408004e-02 5.472975969314575195e-01
1.244897959183673478e-02 5.472515225410461426e-01
1.244897959183673478e-02 5.472515225410461426e-01
1.183673469387755070e-02 5.475944280624389648e-01
1.183673469387755070e-02 5.475944280624389648e-01
1.346938775510204099e-02 5.475760102272033691e-01
1.346938775510204099e-02 5.475760102272033691e-01
1.326530612244897905e-02 5.478847026824951172e-01
1.326530612244897905e-02 5.478847026824951172e-01
1.714285714285714371e-02 5.472866892814636230e-01
1.714285714285714371e-02 5.472866892814636230e-01
2.387755102040816160e-02 5.474951863288879395e-01
2.244897959183673325e-02 5.474951863288879395e-01
1.530612244897959148e-02 5.473905205726623535e-01
1.530612244897959148e-02 5.473905205726623535e-01
2.816326530612245013e-02 5.473584532737731934e-01
2.816326530612245013e-02 5.473584532737731934e-01
1.428571428571428527e-02 5.469526052474975586e-01
1.755102040816326411e-02 5.469526052474975586e-01
1.877551020408163227e-02 5.471846461296081543e-01
1.877551020408163227e-02 5.471846461296081543e-01
1.857142857142857206e-02 5.472195148468017578e-01
1.857142857142857206e-02 5.472195148468017578e-01
1.979591836734694021e-02 5.471286773681640625e-01
2.265306122448979692e-02 5.471286773681640625e-01
1.510204081632653128e-02 5.473132729530334473e-01
1.510204081632653128e-02 5.473132729530334473e-01
1.102040816326530642e-02 5.473009943962097168e-01
1.102040816326530642e-02 5.473009943962097168e-01
1.673469387755101984e-02 5.473886728286743164e-01
1.673469387755101984e-02 5.473886728286743164e-01
1.734693877551020391e-02 5.473490357398986816e-01
1.734693877551020391e-02 5.473490357398986816e-01
1.612244897959183576e-02 5.471986532211303711e-01
1.612244897959183576e-02 5.471986532211303711e-01
1.897959183673469247e-02 5.471609234809875488e-01
1.897959183673469247e-02 5.471609234809875488e-01
1.979591836734694021e-02 5.474253296852111816e-01
1.979591836734694021e-02 5.474253296852111816e-01
1.510204081632653128e-02 5.471937656402587891e-01
1.510204081632653128e-02 5.471937656402587891e-01
1.836734693877551186e-02 5.472562313079833984e-01
1.836734693877551186e-02 5.472562313079833984e-01
1.938775510204081634e-02 5.470663309097290039e-01
1.938775510204081634e-02 5.470663309097290039e-01
2.469387755102040935e-02 5.471494197845458984e-01
2.469387755102040935e-02 5.471494197845458984e-01
1.632653061224489943e-02 5.473635196685791016e-01
1.632653061224489943e-02 5.473635196685791016e-01
1.489795918367346934e-02 5.472418069839477539e-01
1.489795918367346934e-02 5.472418069839477539e-01
1.591836734693877556e-02 5.471393465995788574e-01
1.591836734693877556e-02 5.471393465995788574e-01
1.387755102040816313e-02 5.474405288696289062e-01
1.387755102040816313e-02 5.474405288696289062e-01
1.755102040816326411e-02 5.471827983856201172e-01
1.755102040816326411e-02 5.471827983856201172e-01
2.346938775510204120e-02 5.472000837326049805e-01
2.346938775510204120e-02 5.472000837326049805e-01
2.000000000000000042e-02 5.471832752227783203e-01
2.000000000000000042e-02 5.471832752227783203e-01
2.612244897959183770e-02 5.471672415733337402e-01
2.612244897959183770e-02 5.471672415733337402e-01
1.795918367346938799e-02 5.473326444625854492e-01
1.795918367346938799e-02 5.473326444625854492e-01
1.612244897959183576e-02 5.473108291625976562e-01
1.612244897959183576e-02 5.473108291625976562e-01
2.285714285714285712e-02 5.472054481506347656e-01
2.285714285714285712e-02 5.472054481506347656e-01
4.693877551020408066e-03 5.473472476005554199e-01
4.693877551020408066e-03 5.473472476005554199e-01
2.244897959183673325e-02 5.471791028976440430e-01
2.244897959183673325e-02 5.471791028976440430e-01
1.979591836734694021e-02 5.471944212913513184e-01
1.979591836734694021e-02 5.471944212913513184e-01
1.301775147928994035e-02 5.883816480636596680e-01
1.443786982248520742e-02 5.883816480636596680e-01
3.313609467455621432e-03 5.881243348121643066e-01
3.313609467455621432e-03 5.881243348121643066e-01
1.420118343195266204e-03 5.883109569549560547e-01
8.757396449704142605e-03 5.883109569549560547e-01
6.627218934911242865e-03 5.882682800292968750e-01
6.627218934911242865e-03 5.882682800292968750e-01
1.325443786982248573e-02 5.883032679557800293e-01
5.917159763313609329e-03 5.883032679557800293e-01
5.917159763313609329e-03 5.883211493492126465e-01
5.680473372781064817e-03 5.883211493492126465e-01
8.284023668639053581e-03 5.882714986801147461e-01
8.284023668639053581e-03 5.882714986801147461e-01
1.278106508875739671e-02 5.882089734077453613e-01
1.278106508875739671e-02 5.882089734077453613e-01
5.680473372781064817e-03 5.881030559539794922e-01
5.680473372781064817e-03 5.881030559539794922e-01
7.100591715976331021e-04 5.884576439857482910e-01
7.100591715976331021e-04 5.884576439857482910e-01
3.313609467455621432e-03 5.882731080055236816e-01
3.313609467455621432e-03 5.882731080055236816e-01
2.130177514792899306e-03 5.878387689590454102e-01
2.130177514792899306e-03 5.878387689590454102e-01
2.035502958579881588e-02 5.881578326225280762e-01
2.035502958579881588e-02 5.881578326225280762e-01
8.757396449704142605e-03 5.880135893821716309e-01
8.757396449704142605e-03 5.880135893821716309e-01
3.313609467455621432e-03 5.882117748260498047e-01
3.313609467455621432e-03 5.882117748260498047e-01
5.207100591715976660e-03 5.884371995925903320e-01
5.207100591715976660e-03 5.884371995925903320e-01
1.656804733727810716e-03 5.883384346961975098e-01
1.656804733727810716e-03 5.883384346961975098e-01
8.047337278106508202e-03 5.885499715805053711e-01
8.047337278106508202e-03 5.885499715805053711e-01
8.994082840236686249e-03 5.880563855171203613e-01
8.994082840236686249e-03 5.880563855171203613e-01
3.313609467455621432e-03 5.881899595260620117e-01
3.313609467455621432e-03 5.881899595260620117e-01
1.230769230769230768e-02 5.881362557411193848e-01
1.230769230769230768e-02 5.881362557411193848e-01
7.100591715976331021e-03 5.885218381881713867e-01
7.100591715976331021e-03 5.885218381881713867e-01
1.420118343195266204e-02 5.886570811271667480e-01
1.420118343195266204e-02 5.886570811271667480e-01
8.284023668639053581e-03 5.883289575576782227e-01
8.284023668639053581e-03 5.883289575576782227e-01
3.786982248520710023e-03 5.883542895317077637e-01
3.786982248520710023e-03 5.883542895317077637e-01
1.562130177514792911e-02 5.887443423271179199e-01
1.562130177514792911e-02 5.887443423271179199e-01
1.420118343195266204e-03 5.882096290588378906e-01
1.420118343195266204e-03 5.882096290588378906e-01
1.325443786982248573e-02 5.884339213371276855e-01
1.325443786982248573e-02 5.884339213371276855e-01
1.136094674556212963e-02 5.884427428245544434e-01
1.136094674556212963e-02 5.884427428245544434e-01
1.443786982248520742e-02 5.885717868804931641e-01
1.443786982248520742e-02 5.885717868804931641e-01
1.656804733727810716e-03 5.881785154342651367e-01
1.656804733727810716e-03 5.881785154342651367e-01
4.260355029585798613e-03 5.885316729545593262e-01
4.260355029585798613e-03 5.885316729545593262e-01
1.088757396449704061e-02 5.883998274803161621e-01
1.088757396449704061e-02 5.883998274803161621e-01
1.230769230769230768e-02 5.883366465568542480e-01
1.230769230769230768e-02 5.883366465568542480e-01
1.041420118343195332e-02 5.882670879364013672e-01
1.041420118343195332e-02 5.882670879364013672e-01
1.207100591715976404e-02 5.882848501205444336e-01
1.207100591715976404e-02 5.882848501205444336e-01
4.023668639053254101e-03 5.880731940269470215e-01
1.041420118343195332e-02 5.880731940269470215e-01
1.349112426035502937e-02 5.881828069686889648e-01
1.349112426035502937e-02 5.881828069686889648e-01
1.893491124260355011e-03 5.880509614944458008e-01
1.893491124260355011e-03 5.880509614944458008e-01
1.372781065088757475e-02 5.881614089012145996e-01
1.088757396449704061e-02 5.881614089012145996e-01
1.207100591715976404e-02 5.882775187492370605e-01
1.207100591715976404e-02 5.882775187492370605e-01
1.538461538461538547e-02 5.883563160896301270e-01
1.538461538461538547e-02 5.883563160896301270e-01
1.349112426035502937e-02 5.883477330207824707e-01
1.349112426035502937e-02 5.883477330207824707e-01
3.786982248520710023e-03 5.880659818649291992e-01
3.786982248520710023e-03 5.880659818649291992e-01
8.520710059171597225e-03 5.881454348564147949e-01
9.704142011834318918e-03 5.881454348564147949e-01
4.733727810650887637e-03 5.885438919067382812e-01
4.733727810650887637e-03 5.885438919067382812e-01
5.443786982248520305e-03 5.881632566452026367e-01
5.443786982248520305e-03 5.881632566452026367e-01
5.443786982248520305e-03 5.884075164794921875e-01
5.443786982248520305e-03 5.884075164794921875e-01
4.497041420118343125e-03 5.882647037506103516e-01
4.497041420118343125e-03 5.882647037506103516e-01
3.313609467455621432e-03 5.881644487380981445e-01
3.313609467455621432e-03 5.881644487380981445e-01
1.323484148968913539e-02 6.653366088867187500e-01
1.508156355801785163e-02 6.653366088867187500e-01
1.323484148968913539e-02 6.654239892959594727e-01
1.323484148968913539e-02 6.654239892959594727e-01
2.062172976300400210e-02 6.653415560722351074e-01
2.062172976300400210e-02 6.653415560722351074e-01
7.694675284702985792e-03 6.656365990638732910e-01
7.694675284702985792e-03 6.656365990638732910e-01
2.031394275161588214e-02 6.654476523399353027e-01
2.031394275161588214e-02 6.654476523399353027e-01
1.200369344413665731e-02 6.653776764869689941e-01
1.200369344413665731e-02 6.653776764869689941e-01
1.231148045552477727e-02 6.652903556823730469e-01
1.231148045552477727e-02 6.652903556823730469e-01
1.446598953524161346e-02 6.654708981513977051e-01
1.446598953524161346e-02 6.654708981513977051e-01
9.541397353031702902e-03 6.649315357208251953e-01
9.541397353031702902e-03 6.649315357208251953e-01
1.046475838719606102e-02 6.654885411262512207e-01
2.185287780855647843e-02 6.654885411262512207e-01
1.292705447830101544e-02 6.656318306922912598e-01
1.323484148968913539e-02 6.656318306922912598e-01
1.292705447830101544e-02 6.655300855636596680e-01
1.292705447830101544e-02 6.655300855636596680e-01
9.849184364419821119e-03 6.652708053588867188e-01
9.849184364419821119e-03 6.652708053588867188e-01
1.292705447830101544e-02 6.654371619224548340e-01
1.292705447830101544e-02 6.654371619224548340e-01
1.292705447830101544e-02 6.655321121215820312e-01
1.292705447830101544e-02 6.655321121215820312e-01
1.261926746691289548e-02 6.658350825309753418e-01
1.261926746691289548e-02 6.658350825309753418e-01
8.618036318867343046e-03 6.654561758041381836e-01
5.540166204986149597e-03 6.654561758041381836e-01
9.233610341643582950e-03 6.654708385467529297e-01
9.233610341643582950e-03 6.654708385467529297e-01
1.200369344413665731e-02 6.659894585609436035e-01
1.200369344413665731e-02 6.659894585609436035e-01
8.002462296091104876e-03 6.656970381736755371e-01
8.002462296091104876e-03 6.656970381736755371e-01
1.138811942136041915e-02 6.655384302139282227e-01
1.138811942136041915e-02 6.655384302139282227e-01
1.354262850107725534e-02 6.654810905456542969e-01
1.354262850107725534e-02 6.654810905456542969e-01
2.123730378578023853e-02 6.656038165092468262e-01
2.123730378578023853e-02 6.656038165092468262e-01
8.618036318867343046e-03 6.653382182121276855e-01
8.618036318867343046e-03 6.653382182121276855e-01
8.002462296091104876e-03 6.657018065452575684e-01
8.002462296091104876e-03 6.657018065452575684e-01
1.385041551246537356e-02 6.655353903770446777e-01
1.385041551246537356e-02 6.655353903770446777e-01
1.723607263773468609e-02 6.653688549995422363e-01
1.723607263773468609e-02 6.653688549995422363e-01
1.815943367189904595e-02 6.652994751930236816e-01
1.815943367189904595e-02 6.652994751930236816e-01
8.002462296091104876e-03 6.656134724617004395e-01
8.002462296091104876e-03 6.656134724617004395e-01
1.077254539858417924e-02 6.655561923980712891e-01
1.077254539858417924e-02 6.655561923980712891e-01
1.538935056940597158e-02 6.655545830726623535e-01
1.538935056940597158e-02 6.655545830726623535e-01
1.385041551246537356e-02 6.651589870452880859e-01
1.385041551246537356e-02 6.651589870452880859e-01
1.723607263773468609e-02 6.658387780189514160e-01
1.723607263773468609e-02 6.658387780189514160e-01
1.508156355801785163e-02 6.654564142227172852e-01
1.508156355801785163e-02 6.654564142227172852e-01
9.849184364419821119e-03 6.657589673995971680e-01
9.849184364419821119e-03 6.657589673995971680e-01
1.415820252385349351e-02 6.659269928932189941e-01
1.415820252385349351e-02 6.659269928932189941e-01
1.046475838719606102e-02 6.659575700759887695e-01
1.046475838719606102e-02 6.659575700759887695e-01
1.415820252385349351e-02 6.655929684638977051e-01
1.415820252385349351e-02 6.655929684638977051e-01
1.877500769467528585e-02 6.653705835342407227e-01
1.877500769467528585e-02 6.653705835342407227e-01
1.415820252385349351e-02 6.653825640678405762e-01
1.415820252385349351e-02 6.653825640678405762e-01
9.233610341643582950e-03 6.654801368713378906e-01
9.233610341643582950e-03 6.654801368713378906e-01
1.292705447830101544e-02 6.652998328208923340e-01
1.292705447830101544e-02 6.652998328208923340e-01
1.815943367189904595e-02 6.654730439186096191e-01
1.815943367189904595e-02 6.654730439186096191e-01
2.031394275161588214e-02 6.655855178833007812e-01
2.031394275161588214e-02 6.655855178833007812e-01
1.662049861495844966e-02 6.654527783393859863e-01
1.662049861495844966e-02 6.654527783393859863e-01
1.446598953524161346e-02 6.655122041702270508e-01
1.446598953524161346e-02 6.655122041702270508e-01
1.323484148968913539e-02 6.658310294151306152e-01
1.323484148968913539e-02 6.658310294151306152e-01
1.446598953524161346e-02 6.654316186904907227e-01
1.446598953524161346e-02 6.654316186904907227e-01
1.231148045552477727e-02 6.658207774162292480e-01
1.231148045552477727e-02 6.658207774162292480e-01
1.200369344413665731e-02 6.659229397773742676e-01
2.123730378578023853e-02 6.659229397773742676e-01
0.000000000000000000e+00 7.079300880432128906e-01
1.028806584362140005e-03 7.079300880432128906e-01
1.714677640603566458e-03 7.077888846397399902e-01
5.486968449931412493e-03 7.077888846397399902e-01
2.057613168724280010e-03 7.073231339454650879e-01
2.057613168724280010e-03 7.073231339454650879e-01
1.371742112482853123e-03 7.075097560882568359e-01
1.371742112482853123e-03 7.075097560882568359e-01
3.429355281207132808e-04 7.074303030967712402e-01
3.429355281207132808e-04 7.074303030967712402e-01
1.714677640603566458e-03 7.078168988227844238e-01
1.714677640603566458e-03 7.078168988227844238e-01
6.858710562414265617e-04 7.075525522232055664e-01
6.858710562414265617e-04 7.075525522232055664e-01
1.028806584362140005e-03 7.074985504150390625e-01
6.858710562414265617e-04 7.074985504150390625e-01
6.858710562414265617e-04 7.074220776557922363e-01
6.858710562414265617e-04 7.074220776557922363e-01
6.858710562414265617e-04 7.076892256736755371e-01
6.858710562414265617e-04 7.076892256736755371e-01
3.772290809327846252e-03 7.078029513359069824e-01
3.772290809327846252e-03 7.078029513359069824e-01
3.429355281207132917e-03 7.078649401664733887e-01
3.429355281207132917e-03 7.078649401664733887e-01
6.858710562414265617e-04 7.076964974403381348e-01
6.858710562414265617e-04 7.076964974403381348e-01
0.000000000000000000e+00 7.074835896492004395e-01
0.000000000000000000e+00 7.074835896492004395e-01
3.429355281207132808e-04 7.077761888504028320e-01
3.429355281207132808e-04 7.077761888504028320e-01
6.858710562414265617e-04 7.078714966773986816e-01
6.858710562414265617e-04 7.078714966773986816e-01
2.057613168724280010e-03 7.076784372329711914e-01
2.057613168724280010e-03 7.076784372329711914e-01
0.000000000000000000e+00 7.079012393951416016e-01
0.000000000000000000e+00 7.079012393951416016e-01
0.000000000000000000e+00 7.084094882011413574e-01
0.000000000000000000e+00 7.084094882011413574e-01
6.858710562414265617e-04 7.077934741973876953e-01
6.858710562414265617e-04 7.077934741973876953e-01
5.144032921810699592e-03 7.079085707664489746e-01
1.371742112482853123e-03 7.079085707664489746e-01
6.515775034293552932e-03 7.077561616897583008e-01
6.515775034293552932e-03 7.077561616897583008e-01
2.057613168724280010e-03 7.082967758178710938e-01
2.057613168724280010e-03 7.082967758178710938e-01
3.086419753086419582e-03 7.073695659637451172e-01
3.086419753086419582e-03 7.073695659637451172e-01
3.429355281207132808e-04 7.077103257179260254e-01
3.429355281207132808e-04 7.077103257179260254e-01
0.000000000000000000e+00 7.073976993560791016e-01
0.000000000000000000e+00 7.073976993560791016e-01
1.371742112482853123e-03 7.077800035476684570e-01
1.371742112482853123e-03 7.077800035476684570e-01
2.400548696844993345e-03 7.073485255241394043e-01
2.400548696844993345e-03 7.073485255241394043e-01
3.429355281207132808e-04 7.070705294609069824e-01
3.429355281207132808e-04 7.070705294609069824e-01
6.858710562414265617e-04 7.075785398483276367e-01
6.858710562414265617e-04 7.075785398483276367e-01
0.000000000000000000e+00 7.078740596771240234e-01
0.000000000000000000e+00 7.078740596771240234e-01
3.086419753086419582e-03 7.078599333763122559e-01
3.086419753086419582e-03 7.078599333763122559e-01
1.440329218106995920e-02 7.080398201942443848e-01
1.440329218106995920e-02 7.080398201942443848e-01
0.000000000000000000e+00 7.073754668235778809e-01
0.000000000000000000e+00 7.073754668235778809e-01
0.000000000000000000e+00 7.074393033981323242e-01
0.000000000000000000e+00 7.074393033981323242e-01
3.429355281207132808e-04 7.076475024223327637e-01
1.920438957475994676e-02 7.076475024223327637e-01
9.945130315500686283e-03 7.073143124580383301e-01
3.086419753086419582e-03 7.073143124580383301e-01
2.743484224965706247e-03 7.076553106307983398e-01
9.945130315500686283e-03 7.076553106307983398e-01
3.429355281207132808e-04 7.079967260360717773e-01
6.858710562414265834e-03 7.079967260360717773e-01
1.714677640603566458e-03 7.076503038406372070e-01
4.458161865569272922e-03 7.076503038406372070e-01
6.858710562414265617e-04 7.074945569038391113e-01
1.371742112482853123e-03 7.074945569038391113e-01
6.858710562414265617e-04 7.078622579574584961e-01
3.429355281207132917e-03 7.078622579574584961e-01
3.429355281207132808e-04 7.077620625495910645e-01
3.429355281207132808e-04 7.077620625495910645e-01
1.371742112482853123e-03 7.079474925994873047e-01
3.429355281207132808e-04 7.079474925994873047e-01
6.858710562414265617e-04 7.079693675041198730e-01
3.429355281207132808e-04 7.079693675041198730e-01
3.086419753086419582e-03 7.076004743576049805e-01
1.371742112482853123e-03 7.076004743576049805e-01
1.028806584362140005e-03 7.078250050544738770e-01
6.858710562414265617e-04 7.078250050544738770e-01
6.858710562414265834e-03 7.077458500862121582e-01
2.400548696844993345e-03 7.077458500862121582e-01
3.429355281207132808e-04 7.071016430854797363e-01
3.772290809327846252e-03 7.071016430854797363e-01
1.200274348422496543e-02 7.077490687370300293e-01
1.200274348422496543e-02 7.077490687370300293e-01
