2.959914647157445566e-01 4.701385498046875000e-01
2.934003962810547428e-01 4.701385498046875000e-01
2.892851699436061463e-01 4.702850282192230225e-01
2.892851699436061463e-01 4.702850282192230225e-01
3.090992226794695985e-01 4.706732332706451416e-01
3.090992226794695985e-01 4.706732332706451416e-01
3.168724279835390956e-01 4.707656204700469971e-01
3.168724279835390956e-01 4.707656204700469971e-01
2.940100594421581892e-01 4.705942571163177490e-01
2.940100594421581892e-01 4.705942571163177490e-01
3.103185490016765469e-01 4.708906710147857666e-01
3.103185490016765469e-01 4.708906710147857666e-01
2.993446121018137340e-01 4.708943963050842285e-01
2.993446121018137340e-01 4.708943963050842285e-01
3.042219173906416940e-01 4.707122743129730225e-01
3.042219173906416940e-01 4.707122743129730225e-01
3.279987806736777700e-01 4.707189202308654785e-01
3.279987806736777700e-01 4.707189202308654785e-01
3.350099070263679590e-01 4.706965386867523193e-01
3.350099070263679590e-01 4.706965386867523193e-01
3.263222069806431813e-01 4.709796905517578125e-01
3.263222069806431813e-01 4.709796905517578125e-01
3.187014174668495459e-01 4.702923893928527832e-01
3.187014174668495459e-01 4.702923893928527832e-01
4.020728547477518400e-01 4.705206155776977539e-01
4.020728547477518400e-01 4.705206155776977539e-01
3.260173754000914581e-01 4.699206352233886719e-01
3.260173754000914581e-01 4.699206352233886719e-01
3.101661332114006853e-01 4.703442454338073730e-01
3.101661332114006853e-01 4.703442454338073730e-01
3.240359701265050907e-01 4.704326689243316650e-01
3.240359701265050907e-01 4.704326689243316650e-01
3.315043438500228645e-01 4.706691801548004150e-01
3.315043438500228645e-01 4.706691801548004150e-01
3.441548544429202661e-01 4.704960286617279053e-01
3.441548544429202661e-01 4.704960286617279053e-01
3.452217649748514083e-01 4.705106019973754883e-01
3.452217649748514083e-01 4.705106019973754883e-01
3.330285017527815916e-01 4.704637229442596436e-01
3.395823807346440848e-01 4.704637229442596436e-01
3.344002438652644571e-01 4.702050983905792236e-01
3.344002438652644571e-01 4.702050983905792236e-01
3.470507544581618586e-01 4.700530767440795898e-01
3.470507544581618586e-01 4.700530767440795898e-01
3.468983386678859970e-01 4.697903096675872803e-01
3.468983386678859970e-01 4.697903096675872803e-01
3.455265965554031315e-01 4.700263440608978271e-01
3.455265965554031315e-01 4.700263440608978271e-01
3.404968754762993655e-01 4.701177477836608887e-01
3.404968754762993655e-01 4.701177477836608887e-01
3.339429964944368168e-01 4.701911509037017822e-01
3.339429964944368168e-01 4.701911509037017822e-01
3.183965858862978227e-01 4.696010351181030273e-01
3.183965858862978227e-01 4.696010351181030273e-01
3.327236701722298684e-01 4.699811935424804688e-01
3.327236701722298684e-01 4.699811935424804688e-01
3.331809175430574532e-01 4.698210060596466064e-01
3.331809175430574532e-01 4.698210060596466064e-01
3.190062490474013246e-01 4.695422053337097168e-01
3.190062490474013246e-01 4.695422053337097168e-01
3.147386069196768665e-01 4.698023200035095215e-01
3.147386069196768665e-01 4.698023200035095215e-01
3.310470964791952242e-01 4.704264998435974121e-01
3.310470964791952242e-01 4.704264998435974121e-01
3.060678167757287516e-01 4.693607091903686523e-01
3.294170136823319495e-01 4.693607091903686523e-01
3.263222069806431813e-01 4.704234302043914795e-01
3.263222069806431813e-01 4.704234302043914795e-01
3.342478280749885955e-01 4.701004624366760254e-01
3.342478280749885955e-01 4.701004624366760254e-01
3.344002438652644571e-01 4.702832698822021484e-01
3.344002438652644571e-01 4.702832698822021484e-01
3.295657346817370548e-01 4.689155817031860352e-01
3.295657346817370548e-01 4.689155817031860352e-01
3.275415333028501852e-01 4.702929258346557617e-01
3.275415333028501852e-01 4.702929258346557617e-01
3.531473860691967670e-01 4.702305197715759277e-01
3.531473860691967670e-01 4.702305197715759277e-01
3.241883859167809523e-01 4.696646928787231445e-01
3.241883859167809523e-01 4.696646928787231445e-01
3.339429964944368168e-01 4.699085354804992676e-01
3.339429964944368168e-01 4.699085354804992676e-01
3.345526596555403187e-01 4.700471758842468262e-01
3.345526596555403187e-01 4.700471758842468262e-01
3.301326017375399990e-01 4.701474010944366455e-01
3.301326017375399990e-01 4.701474010944366455e-01
2.990779298036883027e-01 4.639502465724945068e-01
2.990779298036883027e-01 4.639502465724945068e-01
3.500990702636793128e-01 4.702681005001068115e-01
3.500990702636793128e-01 4.702681005001068115e-01
2.354325259515570867e-01 4.519225656986236572e-01
2.354325259515570867e-01 4.519225656986236572e-01
1.826989619377162588e-01 4.512734711170196533e-01
1.826989619377162588e-01 4.512734711170196533e-01
1.415916955017300916e-01 4.527625441551208496e-01
1.415916955017300916e-01 4.527625441551208496e-01
9.162629757785467621e-02 4.507198035717010498e-01
9.162629757785467621e-02 4.507198035717010498e-01
2.359861591695501803e-01 4.509708285331726074e-01
2.359861591695501803e-01 4.509708285331726074e-01
