2.989408327246165231e-01 5.179292559623718262e-01
2.784879474068663319e-01 5.179292559623718262e-01
2.699050401753104733e-01 5.175101757049560547e-01
2.699050401753104733e-01 5.175101757049560547e-01
2.689059861137174101e-01 5.249410867691040039e-01
2.689059861137174101e-01 5.249410867691040039e-01
2.685306811784575198e-01 5.220799446105957031e-01
2.685306811784575198e-01 5.220799446105957031e-01
2.706355003652300972e-01 5.201699137687683105e-01
2.706355003652300972e-01 5.201699137687683105e-01
2.907231555880204765e-01 5.189877748489379883e-01
2.907231555880204765e-01 5.189877748489379883e-01
3.437793206980671590e-01 5.233576893806457520e-01
3.437793206980671590e-01 5.233576893806457520e-01
2.814787014449239844e-01 5.204836130142211914e-01
2.814787014449239844e-01 5.204836130142211914e-01
3.004017531044558265e-01 5.168552398681640625e-01
3.004017531044558265e-01 5.168552398681640625e-01
3.505348095327453506e-01 5.226318240165710449e-01
3.505348095327453506e-01 5.226318240165710449e-01
2.037983929875821776e-01 5.145439505577087402e-01
2.037983929875821776e-01 5.145439505577087402e-01
1.855368882395909413e-01 5.140103697776794434e-01
1.880934989043097083e-01 5.140103697776794434e-01
2.088888888888889017e-01 5.117238163948059082e-01
2.088888888888889017e-01 5.117238163948059082e-01
2.377647918188458831e-01 5.141967535018920898e-01
2.377647918188458831e-01 5.141967535018920898e-01
1.855999999999999872e-01 5.127159953117370605e-01
1.855999999999999872e-01 5.127159953117370605e-01
1.893718042366691057e-01 5.154871940612792969e-01
1.893718042366691057e-01 5.154871940612792969e-01
2.427053466014504890e-01 4.987199604511260986e-01
2.427053466014504890e-01 4.987199604511260986e-01
1.801463689247513600e-01 5.230627655982971191e-01
1.801463689247513600e-01 5.230627655982971191e-01
2.437910883856829747e-01 5.136206746101379395e-01
2.437910883856829747e-01 5.136206746101379395e-01
2.895477575530118197e-01 5.217169523239135742e-01
2.895477575530118197e-01 5.217169523239135742e-01
2.401951585663351374e-01 5.226253271102905273e-01
2.401951585663351374e-01 5.226253271102905273e-01
2.576468380559204241e-01 5.226407051086425781e-01
2.576468380559204241e-01 5.226407051086425781e-01
3.024957778194783398e-01 5.223730802536010742e-01
3.024957778194783398e-01 5.223730802536010742e-01
2.443235128541940415e-01 5.223045945167541504e-01
2.443235128541940415e-01 5.223045945167541504e-01
2.253706136235691382e-01 5.223911404609680176e-01
2.253706136235691382e-01 5.223911404609680176e-01
2.632888888888889056e-01 5.090242624282836914e-01
2.632888888888889056e-01 5.090242624282836914e-01
3.089846603360116850e-01 5.194772481918334961e-01
3.089846603360116850e-01 5.194772481918334961e-01
2.832359386413440538e-01 5.171502828598022461e-01
2.832359386413440538e-01 5.171502828598022461e-01
2.236817414148996042e-01 5.229284763336181641e-01
2.236817414148996042e-01 5.229284763336181641e-01
2.773333333333333206e-01 5.087988972663879395e-01
2.773333333333333206e-01 5.087988972663879395e-01
2.456172388604820900e-01 5.142624974250793457e-01
2.518261504747991153e-01 5.142624974250793457e-01
3.472991689750692390e-01 5.016692876815795898e-01
3.472991689750692390e-01 5.016692876815795898e-01
2.647776318258585060e-01 5.235632658004760742e-01
2.647776318258585060e-01 5.235632658004760742e-01
1.217105263157894773e-01 5.009579658508300781e-01
1.217105263157894773e-01 5.009579658508300781e-01
6.007617728531856188e-02 5.016334652900695801e-01
6.007617728531856188e-02 5.016334652900695801e-01
1.558171745152354681e-01 5.049790143966674805e-01
1.558171745152354681e-01 5.049790143966674805e-01
1.608888888888888868e-01 5.097939372062683105e-01
1.608888888888888868e-01 5.097939372062683105e-01
2.958222222222222086e-01 5.088635087013244629e-01
2.958222222222222086e-01 5.088635087013244629e-01
2.726442658875091185e-01 5.168727636337280273e-01
2.726442658875091185e-01 5.168727636337280273e-01
2.413560465508517439e-01 4.951131045818328857e-01
2.413560465508517439e-01 4.951131045818328857e-01
1.243074792243767379e-01 5.063868165016174316e-01
1.243074792243767379e-01 5.063868165016174316e-01
7.471749030190588670e-02 4.980346858501434326e-01
7.471749030190588670e-02 4.980346858501434326e-01
2.569252077562326764e-01 5.054548382759094238e-01
2.569252077562326764e-01 5.054548382759094238e-01
1.333102493074792283e-01 5.033391118049621582e-01
1.272506925207756157e-01 5.033391118049621582e-01
1.404958677685950452e-01 4.999183118343353271e-01
1.404958677685950452e-01 4.999183118343353271e-01
5.522853185595567871e-02 5.031968355178833008e-01
5.522853185595567871e-02 5.031968355178833008e-01
1.816135734072022168e-01 5.032504796981811523e-01
1.816135734072022168e-01 5.032504796981811523e-01
1.297777777777777697e-01 5.069140195846557617e-01
1.297777777777777697e-01 5.069140195846557617e-01
1.068213296398891898e-01 5.037814974784851074e-01
1.068213296398891898e-01 5.037814974784851074e-01
1.543261932872322384e-01 4.990224242210388184e-01
1.543261932872322384e-01 4.990224242210388184e-01
