1.558496114261709586e-01 5.542409420013427734e-01
2.150808653644192270e-01 5.542409420013427734e-01
1.654411764705882304e-01 5.593416094779968262e-01
1.654411764705882304e-01 5.593416094779968262e-01
1.386245674740484435e-01 5.654790401458740234e-01
1.386245674740484435e-01 5.654790401458740234e-01
1.474480151228733382e-01 5.552630424499511719e-01
1.474480151228733382e-01 5.552630424499511719e-01
1.449275362318840632e-01 5.532149672508239746e-01
1.449275362318840632e-01 5.532149672508239746e-01
1.554295316110060887e-01 5.552463531494140625e-01
1.554295316110060887e-01 5.552463531494140625e-01
1.503885738290275109e-01 5.553928613662719727e-01
1.503885738290275109e-01 5.553928613662719727e-01
1.205629069523209418e-01 5.559631586074829102e-01
1.253938248267170708e-01 5.559631586074829102e-01
1.915563957151858732e-01 5.546939373016357422e-01
1.915563957151858732e-01 5.546939373016357422e-01
1.061851211072664392e-01 5.598297715187072754e-01
1.061851211072664392e-01 5.598297715187072754e-01
1.797941608905692101e-01 5.558724403381347656e-01
1.797941608905692101e-01 5.558724403381347656e-01
1.833910034602076189e-01 5.594070553779602051e-01
1.833910034602076189e-01 5.594070553779602051e-01
1.849048442906574274e-01 5.592513084411621094e-01
1.849048442906574274e-01 5.592513084411621094e-01
1.952854671280276899e-01 5.622933506965637207e-01
1.952854671280276899e-01 5.622933506965637207e-01
1.487889273356401421e-01 5.618419647216796875e-01
1.487889273356401421e-01 5.618419647216796875e-01
1.319050619617727349e-01 5.552965402603149414e-01
1.319050619617727349e-01 5.552965402603149414e-01
2.011245674740484435e-01 5.601117014884948730e-01
2.011245674740484435e-01 5.601117014884948730e-01
2.075194286914513742e-01 5.564599037170410156e-01
2.075194286914513742e-01 5.564599037170410156e-01
2.000432525951557072e-01 5.627700686454772949e-01
2.000432525951557072e-01 5.627700686454772949e-01
1.496539792387543144e-01 5.617249011993408203e-01
1.496539792387543144e-01 5.617249011993408203e-01
1.128892733564013789e-01 5.588500499725341797e-01
1.128892733564013789e-01 5.588500499725341797e-01
1.650913673597983744e-01 5.556279420852661133e-01
1.650913673597983744e-01 5.556279420852661133e-01
1.163621088006721316e-01 5.568989515304565430e-01
1.163621088006721316e-01 5.568989515304565430e-01
1.701323251417769244e-01 5.552167892456054688e-01
1.701323251417769244e-01 5.552167892456054688e-01
1.596303297626548989e-01 5.556774139404296875e-01
1.596303297626548989e-01 5.556774139404296875e-01
1.442974165091367444e-01 5.564343929290771484e-01
1.442974165091367444e-01 5.564343929290771484e-01
1.526990128124343649e-01 5.554743409156799316e-01
1.526990128124343649e-01 5.554743409156799316e-01
1.282439446366782088e-01 5.626884698867797852e-01
1.282439446366782088e-01 5.626884698867797852e-01
1.371560596513337615e-01 5.544062256813049316e-01
1.371560596513337615e-01 5.544062256813049316e-01
1.295946229783658810e-01 5.548104643821716309e-01
1.295946229783658810e-01 5.548104643821716309e-01
1.293845830707834599e-01 5.555732250213623047e-01
1.293845830707834599e-01 5.555732250213623047e-01
2.184415038857382974e-01 5.531416535377502441e-01
2.184415038857382974e-01 5.531416535377502441e-01
2.197017433312329349e-01 5.559829473495483398e-01
2.197017433312329349e-01 5.559829473495483398e-01
2.021424320571315325e-01 5.420116186141967773e-01
2.021424320571315325e-01 5.420116186141967773e-01
2.153061224489795922e-01 5.438901185989379883e-01
2.153061224489795922e-01 5.438901185989379883e-01
2.051020408163265196e-01 5.428526401519775391e-01
2.051020408163265196e-01 5.428526401519775391e-01
2.134693877551020469e-01 5.437719821929931641e-01
2.134693877551020469e-01 5.437719821929931641e-01
1.818945599663936152e-01 5.542330145835876465e-01
1.818945599663936152e-01 5.542330145835876465e-01
1.683673469387755028e-01 5.442016720771789551e-01
1.683673469387755028e-01 5.442016720771789551e-01
1.957571938668347111e-01 5.535497069358825684e-01
1.957571938668347111e-01 5.535497069358825684e-01
1.993278722957362026e-01 5.536583662033081055e-01
1.993278722957362026e-01 5.536583662033081055e-01
1.850451585801302368e-01 5.523102283477783203e-01
1.850451585801302368e-01 5.523102283477783203e-01
2.016383112791430288e-01 5.563202500343322754e-01
2.016383112791430288e-01 5.563202500343322754e-01
2.484861591695501637e-01 5.584000945091247559e-01
2.484861591695501637e-01 5.584000945091247559e-01
1.806343205208989777e-01 5.571944713592529297e-01
1.806343205208989777e-01 5.571944713592529297e-01
1.691176470588235392e-01 5.642842650413513184e-01
1.691176470588235392e-01 5.642842650413513184e-01
1.919764755303507708e-01 5.506942272186279297e-01
1.919764755303507708e-01 5.506942272186279297e-01
1.791640411678218914e-01 5.535756945610046387e-01
1.791640411678218914e-01 5.535756945610046387e-01
1.701323251417769244e-01 5.559028983116149902e-01
1.701323251417769244e-01 5.559028983116149902e-01
1.791640411678218914e-01 5.526176691055297852e-01
1.791640411678218914e-01 5.526176691055297852e-01
