1.491559586797681913e-01 6.085399389266967773e-01
1.295036533131771195e-01 6.085399389266967773e-01
1.305114638447971709e-01 6.087017059326171875e-01
1.305114638447971709e-01 6.087017059326171875e-01
1.325683593750000000e-01 5.948292613029479980e-01
1.325683593750000000e-01 5.948292613029479980e-01
7.983398437500000000e-02 5.953099131584167480e-01
7.983398437500000000e-02 5.953099131584167480e-01
1.232048374905517774e-01 6.063313484191894531e-01
1.232048374905517774e-01 6.063313484191894531e-01
1.259765625000000000e-01 5.954522490501403809e-01
1.259765625000000000e-01 5.954522490501403809e-01
1.379394531250000000e-01 5.977735519409179688e-01
1.379394531250000000e-01 5.977735519409179688e-01
1.723632812500000000e-01 5.948084592819213867e-01
1.723632812500000000e-01 5.948084592819213867e-01
1.406250000000000000e-01 5.948742032051086426e-01
1.406250000000000000e-01 5.948742032051086426e-01
1.821289062500000000e-01 5.944871306419372559e-01
1.821289062500000000e-01 5.944871306419372559e-01
1.276855468750000000e-01 5.949940085411071777e-01
1.276855468750000000e-01 5.949940085411071777e-01
1.491699218750000000e-01 5.955898761749267578e-01
1.491699218750000000e-01 5.955898761749267578e-01
1.186523437500000000e-01 5.959135293960571289e-01
1.186523437500000000e-01 5.959135293960571289e-01
1.210937500000000000e-01 5.951069593429565430e-01
1.210937500000000000e-01 5.951069593429565430e-01
1.357421875000000000e-01 5.948750376701354980e-01
1.357421875000000000e-01 5.948750376701354980e-01
1.267089843750000000e-01 5.947971940040588379e-01
1.267089843750000000e-01 5.947971940040588379e-01
1.435546875000000000e-01 5.954631567001342773e-01
1.435546875000000000e-01 5.954631567001342773e-01
1.435546875000000000e-01 5.944970250129699707e-01
1.435546875000000000e-01 5.944970250129699707e-01
1.352539062500000000e-01 5.949455499649047852e-01
1.352539062500000000e-01 5.949455499649047852e-01
1.296386718750000000e-01 5.954217910766601562e-01
1.296386718750000000e-01 5.954217910766601562e-01
1.303710937500000000e-01 5.943970084190368652e-01
1.303710937500000000e-01 5.943970084190368652e-01
1.501464843750000000e-01 5.961605906486511230e-01
1.501464843750000000e-01 5.961605906486511230e-01
1.406250000000000000e-01 5.949345231056213379e-01
1.406250000000000000e-01 5.949345231056213379e-01
1.408691406250000000e-01 5.948794484138488770e-01
1.408691406250000000e-01 5.948794484138488770e-01
1.457519531250000000e-01 5.951870679855346680e-01
1.457519531250000000e-01 5.951870679855346680e-01
1.345214843750000000e-01 5.954936742782592773e-01
1.345214843750000000e-01 5.954936742782592773e-01
1.394042968750000000e-01 5.955242514610290527e-01
1.379394531250000000e-01 5.955242514610290527e-01
1.267089843750000000e-01 5.959182381629943848e-01
1.267089843750000000e-01 5.959182381629943848e-01
1.372070312500000000e-01 5.959373712539672852e-01
1.372070312500000000e-01 5.959373712539672852e-01
1.379394531250000000e-01 5.951789021492004395e-01
1.379394531250000000e-01 5.951789021492004395e-01
1.496598639455782309e-01 6.096487045288085938e-01
1.496598639455782309e-01 6.096487045288085938e-01
1.416015625000000000e-01 5.956214070320129395e-01
1.416015625000000000e-01 5.956214070320129395e-01
1.694335937500000000e-01 5.957881212234497070e-01
1.694335937500000000e-01 5.957881212234497070e-01
1.525878906250000000e-01 5.953103303909301758e-01
1.525878906250000000e-01 5.953103303909301758e-01
1.284179687500000000e-01 5.956361293792724609e-01
1.284179687500000000e-01 5.956361293792724609e-01
5.688476562500000000e-02 5.949637293815612793e-01
5.688476562500000000e-02 5.949637293815612793e-01
3.955078125000000000e-02 5.951440930366516113e-01
3.955078125000000000e-02 5.951440930366516113e-01
1.322751322751322678e-01 6.088395118713378906e-01
1.322751322751322678e-01 6.088395118713378906e-01
1.242675781250000000e-01 5.950459837913513184e-01
1.242675781250000000e-01 5.950459837913513184e-01
1.293945312500000000e-01 5.949350595474243164e-01
1.293945312500000000e-01 5.949350595474243164e-01
1.352539062500000000e-01 5.949169993400573730e-01
1.352539062500000000e-01 5.949169993400573730e-01
1.345214843750000000e-01 5.945883393287658691e-01
1.345214843750000000e-01 5.945883393287658691e-01
1.286621093750000000e-01 5.941167473793029785e-01
1.286621093750000000e-01 5.941167473793029785e-01
1.359863281250000000e-01 5.945583581924438477e-01
1.359863281250000000e-01 5.945583581924438477e-01
1.369628906250000000e-01 5.956561565399169922e-01
1.369628906250000000e-01 5.956561565399169922e-01
1.130371093750000000e-01 5.947152972221374512e-01
1.130371093750000000e-01 5.947152972221374512e-01
1.132812500000000000e-01 5.953747034072875977e-01
1.132812500000000000e-01 5.953747034072875977e-01
7.690429687500000000e-02 5.949057936668395996e-01
1.284179687500000000e-01 5.949057936668395996e-01
1.247165532879818545e-01 6.074442267417907715e-01
1.211892164273116607e-01 6.074442267417907715e-01
1.281738281250000000e-01 5.945584774017333984e-01
1.281738281250000000e-01 5.945584774017333984e-01
