6.262568227520827480e-02 6.477934122085571289e-01
9.049123814995690962e-02 6.477934122085571289e-01
7.670209709853489932e-02 6.489882469177246094e-01
7.670209709853489932e-02 6.489882469177246094e-01
7.009480034472852228e-02 6.423120498657226562e-01
7.009480034472852228e-02 6.423120498657226562e-01
7.038207411663315038e-02 6.437845230102539062e-01
7.038207411663315038e-02 6.437845230102539062e-01
7.928756104567652452e-02 6.434308290481567383e-01
7.928756104567652452e-02 6.434308290481567383e-01
9.365124964090779103e-02 6.438934206962585449e-01
9.365124964090779103e-02 6.438934206962585449e-01
1.519678253375466859e-01 6.424025893211364746e-01
1.519678253375466859e-01 6.424025893211364746e-01
8.101120367710427927e-02 6.486077904701232910e-01
8.101120367710427927e-02 6.486077904701232910e-01
8.704395288710141398e-02 6.434465050697326660e-01
8.704395288710141398e-02 6.434465050697326660e-01
4.740017236426314479e-02 6.430678963661193848e-01
4.740017236426314479e-02 6.430678963661193848e-01
7.526572823901177267e-02 6.490615606307983398e-01
7.526572823901177267e-02 6.490615606307983398e-01
7.526572823901177267e-02 6.430873274803161621e-01
7.526572823901177267e-02 6.430873274803161621e-01
7.411663315139327413e-02 6.427488923072814941e-01
7.411663315139327413e-02 6.427488923072814941e-01
4.596380350474001814e-02 6.423075795173645020e-01
5.084745762711864736e-02 6.423075795173645020e-01
6.980752657282390805e-02 6.495919227600097656e-01
6.980752657282390805e-02 6.495919227600097656e-01
5.056018385521401926e-02 6.491591930389404297e-01
5.056018385521401926e-02 6.491591930389404297e-01
9.652398735995403045e-02 6.497998237609863281e-01
9.652398735995403045e-02 6.497998237609863281e-01
4.826199367997701523e-02 6.495172381401062012e-01
4.826199367997701523e-02 6.495172381401062012e-01
7.411663315139327413e-02 6.494603157043457031e-01
7.411663315139327413e-02 6.494603157043457031e-01
8.216029876472277782e-02 6.491308212280273438e-01
8.216029876472277782e-02 6.491308212280273438e-01
7.166666666666667018e-02 6.410983800888061523e-01
7.166666666666667018e-02 6.410983800888061523e-01
9.722222222222222376e-02 6.411993503570556641e-01
9.722222222222222376e-02 6.411993503570556641e-01
9.307670209709853482e-02 6.428865194320678711e-01
9.307670209709853482e-02 6.428865194320678711e-01
1.080149382361390437e-01 6.428192257881164551e-01
1.080149382361390437e-01 6.428192257881164551e-01
1.134731399023269222e-01 6.417586803436279297e-01
1.134731399023269222e-01 6.417586803436279297e-01
1.103131284113760407e-01 6.420251727104187012e-01
1.103131284113760407e-01 6.420251727104187012e-01
1.071531169204251593e-01 6.417749524116516113e-01
1.071531169204251593e-01 6.417749524116516113e-01
1.404768744613616727e-01 6.418683528900146484e-01
1.404768744613616727e-01 6.418683528900146484e-01
1.338695777075553095e-01 6.421719193458557129e-01
1.338695777075553095e-01 6.421719193458557129e-01
1.120367710428037955e-01 6.421382427215576172e-01
1.120367710428037955e-01 6.421382427215576172e-01
1.131858661304222941e-01 6.420308351516723633e-01
1.131858661304222941e-01 6.420308351516723633e-01
8.474576271186440302e-02 6.420940160751342773e-01
1.281241022694628029e-01 6.420940160751342773e-01
1.108876759551852970e-01 6.417422294616699219e-01
1.108876759551852970e-01 6.417422294616699219e-01
1.322222222222222132e-01 6.415209174156188965e-01
1.322222222222222132e-01 6.415209174156188965e-01
1.226659006032749244e-01 6.427659988403320312e-01
1.226659006032749244e-01 6.427659988403320312e-01
1.292731973570812876e-01 6.428858637809753418e-01
1.292731973570812876e-01 6.428858637809753418e-01
1.074403906923297874e-01 6.423689126968383789e-01
1.074403906923297874e-01 6.423689126968383789e-01
1.473714449870726917e-01 6.494612693786621094e-01
1.473714449870726917e-01 6.494612693786621094e-01
1.157713300775639192e-01 6.425616741180419922e-01
1.157713300775639192e-01 6.425616741180419922e-01
1.226659006032749244e-01 6.424643397331237793e-01
1.226659006032749244e-01 6.424643397331237793e-01
1.324332088480321690e-01 6.428168416023254395e-01
1.324332088480321690e-01 6.428168416023254395e-01
1.499569089342143169e-01 6.419185400009155273e-01
1.499569089342143169e-01 6.419185400009155273e-01
1.353059465670784223e-01 6.499930620193481445e-01
1.353059465670784223e-01 6.499930620193481445e-01
1.218040792875610401e-01 6.425424814224243164e-01
1.218040792875610401e-01 6.425424814224243164e-01
7.526572823901177267e-02 6.419850587844848633e-01
7.526572823901177267e-02 6.419850587844848633e-01
1.404768744613616727e-01 6.495055556297302246e-01
1.404768744613616727e-01 6.495055556297302246e-01
1.083022120080436718e-01 6.426419615745544434e-01
1.083022120080436718e-01 6.426419615745544434e-01
1.315713875323183124e-01 6.424294710159301758e-01
1.315713875323183124e-01 6.424294710159301758e-01
1.373168629704107913e-01 6.489783525466918945e-01
1.373168629704107913e-01 6.489783525466918945e-01
9.221488078138466438e-02 6.424056887626647949e-01
9.221488078138466438e-02 6.424056887626647949e-01
