9.757653061224490221e-02 6.868857145309448242e-01
7.238520408163265363e-02 6.868857145309448242e-01
8.991735537190082006e-02 6.879602074623107910e-01
8.991735537190082006e-02 6.879602074623107910e-01
8.386479591836734637e-02 6.868657469749450684e-01
8.386479591836734637e-02 6.868657469749450684e-01
8.896683673469388265e-02 6.862544417381286621e-01
8.896683673469388265e-02 6.862544417381286621e-01
8.035714285714286309e-02 6.863548159599304199e-01
8.035714285714286309e-02 6.863548159599304199e-01
7.366071428571428770e-02 6.857990026473999023e-01
7.366071428571428770e-02 6.857990026473999023e-01
7.812500000000000000e-02 6.866551041603088379e-01
7.812500000000000000e-02 6.866551041603088379e-01
7.239669421487603118e-02 6.879445910453796387e-01
7.239669421487603118e-02 6.879445910453796387e-01
7.397959183673469274e-02 6.862531304359436035e-01
7.397959183673469274e-02 6.862531304359436035e-01
6.026785714285714385e-02 6.860784292221069336e-01
6.026785714285714385e-02 6.860784292221069336e-01
6.792091836734694132e-02 6.863344311714172363e-01
6.792091836734694132e-02 6.863344311714172363e-01
1.014030612244897905e-01 6.859001517295837402e-01
1.014030612244897905e-01 6.859001517295837402e-01
8.482142857142857539e-02 6.868697404861450195e-01
8.482142857142857539e-02 6.868697404861450195e-01
7.206632653061224858e-02 6.865823268890380859e-01
7.206632653061224858e-02 6.865823268890380859e-01
6.536989795918367319e-02 6.858991980552673340e-01
6.536989795918367319e-02 6.858991980552673340e-01
5.994897959183673186e-02 6.858977675437927246e-01
5.994897959183673186e-02 6.858977675437927246e-01
6.951530612244898044e-02 6.864266395568847656e-01
7.429846938775509779e-02 6.864266395568847656e-01
5.835459183673469274e-02 6.855531930923461914e-01
5.835459183673469274e-02 6.855531930923461914e-01
5.548469387755101956e-02 6.862034201622009277e-01
5.548469387755101956e-02 6.862034201622009277e-01
5.548469387755101956e-02 6.865209341049194336e-01
5.548469387755101956e-02 6.865209341049194336e-01
7.748724489795918990e-02 6.856594085693359375e-01
7.748724489795918990e-02 6.856594085693359375e-01
6.728316326530611735e-02 6.855000853538513184e-01
6.728316326530611735e-02 6.855000853538513184e-01
7.174744897959184353e-02 6.855525970458984375e-01
7.174744897959184353e-02 6.855525970458984375e-01
7.270408163265305868e-02 6.861213445663452148e-01
7.270408163265305868e-02 6.861213445663452148e-01
6.696428571428571230e-02 6.864488720893859863e-01
6.696428571428571230e-02 6.864488720893859863e-01
1.143801652892561943e-01 6.877762675285339355e-01
1.143801652892561943e-01 6.877762675285339355e-01
6.887755102040815647e-02 6.861438751220703125e-01
6.887755102040815647e-02 6.861438751220703125e-01
5.931122448979592177e-02 6.865922808647155762e-01
5.931122448979592177e-02 6.865922808647155762e-01
6.536989795918367319e-02 6.866803169250488281e-01
6.536989795918367319e-02 6.866803169250488281e-01
6.600765306122448328e-02 6.861043572425842285e-01
6.600765306122448328e-02 6.861043572425842285e-01
7.525510204081632681e-02 6.858699917793273926e-01
7.525510204081632681e-02 6.858699917793273926e-01
6.696428571428571230e-02 6.874474287033081055e-01
6.696428571428571230e-02 6.874474287033081055e-01
7.334183673469388265e-02 6.858229637145996094e-01
7.334183673469388265e-02 6.858229637145996094e-01
5.644132653061224164e-02 6.863799095153808594e-01
5.644132653061224164e-02 6.863799095153808594e-01
6.792091836734694132e-02 6.861096620559692383e-01
6.792091836734694132e-02 6.861096620559692383e-01
6.600765306122448328e-02 6.856651306152343750e-01
6.600765306122448328e-02 6.856651306152343750e-01
6.887755102040815647e-02 6.864772439002990723e-01
6.887755102040815647e-02 6.864772439002990723e-01
6.909090909090909172e-02 6.934525370597839355e-01
6.909090909090909172e-02 6.934525370597839355e-01
7.493622448979592177e-02 6.862081289291381836e-01
7.493622448979592177e-02 6.862081289291381836e-01
5.644132653061224164e-02 6.859182715415954590e-01
5.644132653061224164e-02 6.859182715415954590e-01
6.568877551020407823e-02 6.861923933029174805e-01
6.568877551020407823e-02 6.861923933029174805e-01
6.214876033057851329e-02 6.877347826957702637e-01
6.214876033057851329e-02 6.877347826957702637e-01
8.258928571428571230e-02 6.857813000679016113e-01
8.258928571428571230e-02 6.857813000679016113e-01
7.940051020408163407e-02 6.856663227081298828e-01
7.940051020408163407e-02 6.856663227081298828e-01
8.035714285714286309e-02 6.864152550697326660e-01
8.035714285714286309e-02 6.864152550697326660e-01
7.079081632653061451e-02 6.859888434410095215e-01
7.079081632653061451e-02 6.859888434410095215e-01
7.334183673469388265e-02 6.859438419342041016e-01
7.334183673469388265e-02 6.859438419342041016e-01
6.887755102040815647e-02 6.864691376686096191e-01
6.887755102040815647e-02 6.864691376686096191e-01
6.823979591836734637e-02 6.871593594551086426e-01
6.823979591836734637e-02 6.871593594551086426e-01
5.707908163265305868e-02 6.863378286361694336e-01
5.707908163265305868e-02 6.863378286361694336e-01
