2.959914647157445566e-01 4.701385498046875000e-01
2.934003962810547428e-01 4.701385498046875000e-01
2.892851699436061463e-01 4.702850282192230225e-01
2.892851699436061463e-01 4.702850282192230225e-01
3.090992226794695985e-01 4.706732332706451416e-01
3.090992226794695985e-01 4.706732332706451416e-01
3.168724279835390956e-01 4.707656204700469971e-01
3.168724279835390956e-01 4.707656204700469971e-01
2.940100594421581892e-01 4.705942571163177490e-01
2.940100594421581892e-01 4.705942571163177490e-01
3.103185490016765469e-01 4.708906710147857666e-01
3.103185490016765469e-01 4.708906710147857666e-01
2.993446121018137340e-01 4.708943963050842285e-01
2.993446121018137340e-01 4.708943963050842285e-01
3.042219173906416940e-01 4.707122743129730225e-01
3.042219173906416940e-01 4.707122743129730225e-01
3.279987806736777700e-01 4.707189202308654785e-01
3.279987806736777700e-01 4.707189202308654785e-01
3.350099070263679590e-01 4.706965386867523193e-01
3.350099070263679590e-01 4.706965386867523193e-01
3.263222069806431813e-01 4.709796905517578125e-01
3.263222069806431813e-01 4.709796905517578125e-01
3.187014174668495459e-01 4.702923893928527832e-01
3.187014174668495459e-01 4.702923893928527832e-01
4.020728547477518400e-01 4.705206155776977539e-01
4.020728547477518400e-01 4.705206155776977539e-01
3.260173754000914581e-01 4.699206352233886719e-01
3.260173754000914581e-01 4.699206352233886719e-01
3.101661332114006853e-01 4.703442454338073730e-01
3.101661332114006853e-01 4.703442454338073730e-01
3.240359701265050907e-01 4.704326689243316650e-01
3.240359701265050907e-01 4.704326689243316650e-01
3.315043438500228645e-01 4.706691801548004150e-01
3.315043438500228645e-01 4.706691801548004150e-01
3.441548544429202661e-01 4.704960286617279053e-01
3.441548544429202661e-01 4.704960286617279053e-01
3.452217649748514083e-01 4.705106019973754883e-01
3.452217649748514083e-01 4.705106019973754883e-01
3.330285017527815916e-01 4.704637229442596436e-01
3.395823807346440848e-01 4.704637229442596436e-01
3.344002438652644571e-01 4.702050983905792236e-01
3.344002438652644571e-01 4.702050983905792236e-01
3.470507544581618586e-01 4.700530767440795898e-01
3.470507544581618586e-01 4.700530767440795898e-01
3.468983386678859970e-01 4.697903096675872803e-01
3.468983386678859970e-01 4.697903096675872803e-01
3.455265965554031315e-01 4.700263440608978271e-01
3.455265965554031315e-01 4.700263440608978271e-01
3.404968754762993655e-01 4.701177477836608887e-01
3.404968754762993655e-01 4.701177477836608887e-01
3.339429964944368168e-01 4.701911509037017822e-01
3.339429964944368168e-01 4.701911509037017822e-01
3.183965858862978227e-01 4.696010351181030273e-01
3.183965858862978227e-01 4.696010351181030273e-01
3.327236701722298684e-01 4.699811935424804688e-01
3.327236701722298684e-01 4.699811935424804688e-01
3.331809175430574532e-01 4.698210060596466064e-01
3.331809175430574532e-01 4.698210060596466064e-01
3.190062490474013246e-01 4.695422053337097168e-01
3.190062490474013246e-01 4.695422053337097168e-01
3.147386069196768665e-01 4.698023200035095215e-01
3.147386069196768665e-01 4.698023200035095215e-01
3.310470964791952242e-01 4.704264998435974121e-01
3.310470964791952242e-01 4.704264998435974121e-01
3.060678167757287516e-01 4.693607091903686523e-01
3.294170136823319495e-01 4.693607091903686523e-01
3.263222069806431813e-01 4.704234302043914795e-01
3.263222069806431813e-01 4.704234302043914795e-01
3.342478280749885955e-01 4.701004624366760254e-01
3.342478280749885955e-01 4.701004624366760254e-01
3.344002438652644571e-01 4.702832698822021484e-01
3.344002438652644571e-01 4.702832698822021484e-01
3.295657346817370548e-01 4.689155817031860352e-01
3.295657346817370548e-01 4.689155817031860352e-01
3.275415333028501852e-01 4.702929258346557617e-01
3.275415333028501852e-01 4.702929258346557617e-01
3.531473860691967670e-01 4.702305197715759277e-01
3.531473860691967670e-01 4.702305197715759277e-01
3.241883859167809523e-01 4.696646928787231445e-01
3.241883859167809523e-01 4.696646928787231445e-01
3.339429964944368168e-01 4.699085354804992676e-01
3.339429964944368168e-01 4.699085354804992676e-01
3.345526596555403187e-01 4.700471758842468262e-01
3.345526596555403187e-01 4.700471758842468262e-01
3.301326017375399990e-01 4.701474010944366455e-01
3.301326017375399990e-01 4.701474010944366455e-01
2.990779298036883027e-01 4.639502465724945068e-01
2.990779298036883027e-01 4.639502465724945068e-01
3.500990702636793128e-01 4.702681005001068115e-01
3.500990702636793128e-01 4.702681005001068115e-01
2.354325259515570867e-01 4.519225656986236572e-01
2.354325259515570867e-01 4.519225656986236572e-01
1.826989619377162588e-01 4.512734711170196533e-01
1.826989619377162588e-01 4.512734711170196533e-01
1.415916955017300916e-01 4.527625441551208496e-01
1.415916955017300916e-01 4.527625441551208496e-01
9.162629757785467621e-02 4.507198035717010498e-01
9.162629757785467621e-02 4.507198035717010498e-01
2.359861591695501803e-01 4.509708285331726074e-01
2.359861591695501803e-01 4.509708285331726074e-01
2.989408327246165231e-01 5.179292559623718262e-01
2.784879474068663319e-01 5.179292559623718262e-01
2.699050401753104733e-01 5.175101757049560547e-01
2.699050401753104733e-01 5.175101757049560547e-01
2.689059861137174101e-01 5.249410867691040039e-01
2.689059861137174101e-01 5.249410867691040039e-01
2.685306811784575198e-01 5.220799446105957031e-01
2.685306811784575198e-01 5.220799446105957031e-01
2.706355003652300972e-01 5.201699137687683105e-01
2.706355003652300972e-01 5.201699137687683105e-01
2.907231555880204765e-01 5.189877748489379883e-01
2.907231555880204765e-01 5.189877748489379883e-01
3.437793206980671590e-01 5.233576893806457520e-01
3.437793206980671590e-01 5.233576893806457520e-01
2.814787014449239844e-01 5.204836130142211914e-01
2.814787014449239844e-01 5.204836130142211914e-01
3.004017531044558265e-01 5.168552398681640625e-01
3.004017531044558265e-01 5.168552398681640625e-01
3.505348095327453506e-01 5.226318240165710449e-01
3.505348095327453506e-01 5.226318240165710449e-01
2.037983929875821776e-01 5.145439505577087402e-01
2.037983929875821776e-01 5.145439505577087402e-01
1.855368882395909413e-01 5.140103697776794434e-01
1.880934989043097083e-01 5.140103697776794434e-01
2.088888888888889017e-01 5.117238163948059082e-01
2.088888888888889017e-01 5.117238163948059082e-01
2.377647918188458831e-01 5.141967535018920898e-01
2.377647918188458831e-01 5.141967535018920898e-01
1.855999999999999872e-01 5.127159953117370605e-01
1.855999999999999872e-01 5.127159953117370605e-01
1.893718042366691057e-01 5.154871940612792969e-01
1.893718042366691057e-01 5.154871940612792969e-01
2.427053466014504890e-01 4.987199604511260986e-01
2.427053466014504890e-01 4.987199604511260986e-01
1.801463689247513600e-01 5.230627655982971191e-01
1.801463689247513600e-01 5.230627655982971191e-01
2.437910883856829747e-01 5.136206746101379395e-01
2.437910883856829747e-01 5.136206746101379395e-01
2.895477575530118197e-01 5.217169523239135742e-01
2.895477575530118197e-01 5.217169523239135742e-01
2.401951585663351374e-01 5.226253271102905273e-01
2.401951585663351374e-01 5.226253271102905273e-01
2.576468380559204241e-01 5.226407051086425781e-01
2.576468380559204241e-01 5.226407051086425781e-01
3.024957778194783398e-01 5.223730802536010742e-01
3.024957778194783398e-01 5.223730802536010742e-01
2.443235128541940415e-01 5.223045945167541504e-01
2.443235128541940415e-01 5.223045945167541504e-01
2.253706136235691382e-01 5.223911404609680176e-01
2.253706136235691382e-01 5.223911404609680176e-01
2.632888888888889056e-01 5.090242624282836914e-01
2.632888888888889056e-01 5.090242624282836914e-01
3.089846603360116850e-01 5.194772481918334961e-01
3.089846603360116850e-01 5.194772481918334961e-01
2.832359386413440538e-01 5.171502828598022461e-01
2.832359386413440538e-01 5.171502828598022461e-01
2.236817414148996042e-01 5.229284763336181641e-01
2.236817414148996042e-01 5.229284763336181641e-01
2.773333333333333206e-01 5.087988972663879395e-01
2.773333333333333206e-01 5.087988972663879395e-01
2.456172388604820900e-01 5.142624974250793457e-01
2.518261504747991153e-01 5.142624974250793457e-01
3.472991689750692390e-01 5.016692876815795898e-01
3.472991689750692390e-01 5.016692876815795898e-01
2.647776318258585060e-01 5.235632658004760742e-01
2.647776318258585060e-01 5.235632658004760742e-01
1.217105263157894773e-01 5.009579658508300781e-01
1.217105263157894773e-01 5.009579658508300781e-01
6.007617728531856188e-02 5.016334652900695801e-01
6.007617728531856188e-02 5.016334652900695801e-01
1.558171745152354681e-01 5.049790143966674805e-01
1.558171745152354681e-01 5.049790143966674805e-01
1.608888888888888868e-01 5.097939372062683105e-01
1.608888888888888868e-01 5.097939372062683105e-01
2.958222222222222086e-01 5.088635087013244629e-01
2.958222222222222086e-01 5.088635087013244629e-01
2.726442658875091185e-01 5.168727636337280273e-01
2.726442658875091185e-01 5.168727636337280273e-01
2.413560465508517439e-01 4.951131045818328857e-01
2.413560465508517439e-01 4.951131045818328857e-01
1.243074792243767379e-01 5.063868165016174316e-01
1.243074792243767379e-01 5.063868165016174316e-01
7.471749030190588670e-02 4.980346858501434326e-01
7.471749030190588670e-02 4.980346858501434326e-01
2.569252077562326764e-01 5.054548382759094238e-01
2.569252077562326764e-01 5.054548382759094238e-01
1.333102493074792283e-01 5.033391118049621582e-01
1.272506925207756157e-01 5.033391118049621582e-01
1.404958677685950452e-01 4.999183118343353271e-01
1.404958677685950452e-01 4.999183118343353271e-01
5.522853185595567871e-02 5.031968355178833008e-01
5.522853185595567871e-02 5.031968355178833008e-01
1.816135734072022168e-01 5.032504796981811523e-01
1.816135734072022168e-01 5.032504796981811523e-01
1.297777777777777697e-01 5.069140195846557617e-01
1.297777777777777697e-01 5.069140195846557617e-01
1.068213296398891898e-01 5.037814974784851074e-01
1.068213296398891898e-01 5.037814974784851074e-01
1.543261932872322384e-01 4.990224242210388184e-01
1.543261932872322384e-01 4.990224242210388184e-01
1.558496114261709586e-01 5.542409420013427734e-01
2.150808653644192270e-01 5.542409420013427734e-01
1.654411764705882304e-01 5.593416094779968262e-01
1.654411764705882304e-01 5.593416094779968262e-01
1.386245674740484435e-01 5.654790401458740234e-01
1.386245674740484435e-01 5.654790401458740234e-01
1.474480151228733382e-01 5.552630424499511719e-01
1.474480151228733382e-01 5.552630424499511719e-01
1.449275362318840632e-01 5.532149672508239746e-01
1.449275362318840632e-01 5.532149672508239746e-01
1.554295316110060887e-01 5.552463531494140625e-01
1.554295316110060887e-01 5.552463531494140625e-01
1.503885738290275109e-01 5.553928613662719727e-01
1.503885738290275109e-01 5.553928613662719727e-01
1.205629069523209418e-01 5.559631586074829102e-01
1.253938248267170708e-01 5.559631586074829102e-01
1.915563957151858732e-01 5.546939373016357422e-01
1.915563957151858732e-01 5.546939373016357422e-01
1.061851211072664392e-01 5.598297715187072754e-01
1.061851211072664392e-01 5.598297715187072754e-01
1.797941608905692101e-01 5.558724403381347656e-01
1.797941608905692101e-01 5.558724403381347656e-01
1.833910034602076189e-01 5.594070553779602051e-01
1.833910034602076189e-01 5.594070553779602051e-01
1.849048442906574274e-01 5.592513084411621094e-01
1.849048442906574274e-01 5.592513084411621094e-01
1.952854671280276899e-01 5.622933506965637207e-01
1.952854671280276899e-01 5.622933506965637207e-01
1.487889273356401421e-01 5.618419647216796875e-01
1.487889273356401421e-01 5.618419647216796875e-01
1.319050619617727349e-01 5.552965402603149414e-01
1.319050619617727349e-01 5.552965402603149414e-01
2.011245674740484435e-01 5.601117014884948730e-01
2.011245674740484435e-01 5.601117014884948730e-01
2.075194286914513742e-01 5.564599037170410156e-01
2.075194286914513742e-01 5.564599037170410156e-01
2.000432525951557072e-01 5.627700686454772949e-01
2.000432525951557072e-01 5.627700686454772949e-01
1.496539792387543144e-01 5.617249011993408203e-01
1.496539792387543144e-01 5.617249011993408203e-01
1.128892733564013789e-01 5.588500499725341797e-01
1.128892733564013789e-01 5.588500499725341797e-01
1.650913673597983744e-01 5.556279420852661133e-01
1.650913673597983744e-01 5.556279420852661133e-01
1.163621088006721316e-01 5.568989515304565430e-01
1.163621088006721316e-01 5.568989515304565430e-01
1.701323251417769244e-01 5.552167892456054688e-01
1.701323251417769244e-01 5.552167892456054688e-01
1.596303297626548989e-01 5.556774139404296875e-01
1.596303297626548989e-01 5.556774139404296875e-01
1.442974165091367444e-01 5.564343929290771484e-01
1.442974165091367444e-01 5.564343929290771484e-01
1.526990128124343649e-01 5.554743409156799316e-01
1.526990128124343649e-01 5.554743409156799316e-01
1.282439446366782088e-01 5.626884698867797852e-01
1.282439446366782088e-01 5.626884698867797852e-01
1.371560596513337615e-01 5.544062256813049316e-01
1.371560596513337615e-01 5.544062256813049316e-01
1.295946229783658810e-01 5.548104643821716309e-01
1.295946229783658810e-01 5.548104643821716309e-01
1.293845830707834599e-01 5.555732250213623047e-01
1.293845830707834599e-01 5.555732250213623047e-01
2.184415038857382974e-01 5.531416535377502441e-01
2.184415038857382974e-01 5.531416535377502441e-01
2.197017433312329349e-01 5.559829473495483398e-01
2.197017433312329349e-01 5.559829473495483398e-01
2.021424320571315325e-01 5.420116186141967773e-01
2.021424320571315325e-01 5.420116186141967773e-01
2.153061224489795922e-01 5.438901185989379883e-01
2.153061224489795922e-01 5.438901185989379883e-01
2.051020408163265196e-01 5.428526401519775391e-01
2.051020408163265196e-01 5.428526401519775391e-01
2.134693877551020469e-01 5.437719821929931641e-01
2.134693877551020469e-01 5.437719821929931641e-01
1.818945599663936152e-01 5.542330145835876465e-01
1.818945599663936152e-01 5.542330145835876465e-01
1.683673469387755028e-01 5.442016720771789551e-01
1.683673469387755028e-01 5.442016720771789551e-01
1.957571938668347111e-01 5.535497069358825684e-01
1.957571938668347111e-01 5.535497069358825684e-01
1.993278722957362026e-01 5.536583662033081055e-01
1.993278722957362026e-01 5.536583662033081055e-01
1.850451585801302368e-01 5.523102283477783203e-01
1.850451585801302368e-01 5.523102283477783203e-01
2.016383112791430288e-01 5.563202500343322754e-01
2.016383112791430288e-01 5.563202500343322754e-01
2.484861591695501637e-01 5.584000945091247559e-01
2.484861591695501637e-01 5.584000945091247559e-01
1.806343205208989777e-01 5.571944713592529297e-01
1.806343205208989777e-01 5.571944713592529297e-01
1.691176470588235392e-01 5.642842650413513184e-01
1.691176470588235392e-01 5.642842650413513184e-01
1.919764755303507708e-01 5.506942272186279297e-01
1.919764755303507708e-01 5.506942272186279297e-01
1.791640411678218914e-01 5.535756945610046387e-01
1.791640411678218914e-01 5.535756945610046387e-01
1.701323251417769244e-01 5.559028983116149902e-01
1.701323251417769244e-01 5.559028983116149902e-01
1.791640411678218914e-01 5.526176691055297852e-01
1.791640411678218914e-01 5.526176691055297852e-01
1.491559586797681913e-01 6.085399389266967773e-01
1.295036533131771195e-01 6.085399389266967773e-01
1.305114638447971709e-01 6.087017059326171875e-01
1.305114638447971709e-01 6.087017059326171875e-01
1.325683593750000000e-01 5.948292613029479980e-01
1.325683593750000000e-01 5.948292613029479980e-01
7.983398437500000000e-02 5.953099131584167480e-01
7.983398437500000000e-02 5.953099131584167480e-01
1.232048374905517774e-01 6.063313484191894531e-01
1.232048374905517774e-01 6.063313484191894531e-01
1.259765625000000000e-01 5.954522490501403809e-01
1.259765625000000000e-01 5.954522490501403809e-01
1.379394531250000000e-01 5.977735519409179688e-01
1.379394531250000000e-01 5.977735519409179688e-01
1.723632812500000000e-01 5.948084592819213867e-01
1.723632812500000000e-01 5.948084592819213867e-01
1.406250000000000000e-01 5.948742032051086426e-01
1.406250000000000000e-01 5.948742032051086426e-01
1.821289062500000000e-01 5.944871306419372559e-01
1.821289062500000000e-01 5.944871306419372559e-01
1.276855468750000000e-01 5.949940085411071777e-01
1.276855468750000000e-01 5.949940085411071777e-01
1.491699218750000000e-01 5.955898761749267578e-01
1.491699218750000000e-01 5.955898761749267578e-01
1.186523437500000000e-01 5.959135293960571289e-01
1.186523437500000000e-01 5.959135293960571289e-01
1.210937500000000000e-01 5.951069593429565430e-01
1.210937500000000000e-01 5.951069593429565430e-01
1.357421875000000000e-01 5.948750376701354980e-01
1.357421875000000000e-01 5.948750376701354980e-01
1.267089843750000000e-01 5.947971940040588379e-01
1.267089843750000000e-01 5.947971940040588379e-01
1.435546875000000000e-01 5.954631567001342773e-01
1.435546875000000000e-01 5.954631567001342773e-01
1.435546875000000000e-01 5.944970250129699707e-01
1.435546875000000000e-01 5.944970250129699707e-01
1.352539062500000000e-01 5.949455499649047852e-01
1.352539062500000000e-01 5.949455499649047852e-01
1.296386718750000000e-01 5.954217910766601562e-01
1.296386718750000000e-01 5.954217910766601562e-01
1.303710937500000000e-01 5.943970084190368652e-01
1.303710937500000000e-01 5.943970084190368652e-01
1.501464843750000000e-01 5.961605906486511230e-01
1.501464843750000000e-01 5.961605906486511230e-01
1.406250000000000000e-01 5.949345231056213379e-01
1.406250000000000000e-01 5.949345231056213379e-01
1.408691406250000000e-01 5.948794484138488770e-01
1.408691406250000000e-01 5.948794484138488770e-01
1.457519531250000000e-01 5.951870679855346680e-01
1.457519531250000000e-01 5.951870679855346680e-01
1.345214843750000000e-01 5.954936742782592773e-01
1.345214843750000000e-01 5.954936742782592773e-01
1.394042968750000000e-01 5.955242514610290527e-01
1.379394531250000000e-01 5.955242514610290527e-01
1.267089843750000000e-01 5.959182381629943848e-01
1.267089843750000000e-01 5.959182381629943848e-01
1.372070312500000000e-01 5.959373712539672852e-01
1.372070312500000000e-01 5.959373712539672852e-01
1.379394531250000000e-01 5.951789021492004395e-01
1.379394531250000000e-01 5.951789021492004395e-01
1.496598639455782309e-01 6.096487045288085938e-01
1.496598639455782309e-01 6.096487045288085938e-01
1.416015625000000000e-01 5.956214070320129395e-01
1.416015625000000000e-01 5.956214070320129395e-01
1.694335937500000000e-01 5.957881212234497070e-01
1.694335937500000000e-01 5.957881212234497070e-01
1.525878906250000000e-01 5.953103303909301758e-01
1.525878906250000000e-01 5.953103303909301758e-01
1.284179687500000000e-01 5.956361293792724609e-01
1.284179687500000000e-01 5.956361293792724609e-01
5.688476562500000000e-02 5.949637293815612793e-01
5.688476562500000000e-02 5.949637293815612793e-01
3.955078125000000000e-02 5.951440930366516113e-01
3.955078125000000000e-02 5.951440930366516113e-01
1.322751322751322678e-01 6.088395118713378906e-01
1.322751322751322678e-01 6.088395118713378906e-01
1.242675781250000000e-01 5.950459837913513184e-01
1.242675781250000000e-01 5.950459837913513184e-01
1.293945312500000000e-01 5.949350595474243164e-01
1.293945312500000000e-01 5.949350595474243164e-01
1.352539062500000000e-01 5.949169993400573730e-01
1.352539062500000000e-01 5.949169993400573730e-01
1.345214843750000000e-01 5.945883393287658691e-01
1.345214843750000000e-01 5.945883393287658691e-01
1.286621093750000000e-01 5.941167473793029785e-01
1.286621093750000000e-01 5.941167473793029785e-01
1.359863281250000000e-01 5.945583581924438477e-01
1.359863281250000000e-01 5.945583581924438477e-01
1.369628906250000000e-01 5.956561565399169922e-01
1.369628906250000000e-01 5.956561565399169922e-01
1.130371093750000000e-01 5.947152972221374512e-01
1.130371093750000000e-01 5.947152972221374512e-01
1.132812500000000000e-01 5.953747034072875977e-01
1.132812500000000000e-01 5.953747034072875977e-01
7.690429687500000000e-02 5.949057936668395996e-01
1.284179687500000000e-01 5.949057936668395996e-01
1.247165532879818545e-01 6.074442267417907715e-01
1.211892164273116607e-01 6.074442267417907715e-01
1.281738281250000000e-01 5.945584774017333984e-01
1.281738281250000000e-01 5.945584774017333984e-01
6.262568227520827480e-02 6.477934122085571289e-01
9.049123814995690962e-02 6.477934122085571289e-01
7.670209709853489932e-02 6.489882469177246094e-01
7.670209709853489932e-02 6.489882469177246094e-01
7.009480034472852228e-02 6.423120498657226562e-01
7.009480034472852228e-02 6.423120498657226562e-01
7.038207411663315038e-02 6.437845230102539062e-01
7.038207411663315038e-02 6.437845230102539062e-01
7.928756104567652452e-02 6.434308290481567383e-01
7.928756104567652452e-02 6.434308290481567383e-01
9.365124964090779103e-02 6.438934206962585449e-01
9.365124964090779103e-02 6.438934206962585449e-01
1.519678253375466859e-01 6.424025893211364746e-01
1.519678253375466859e-01 6.424025893211364746e-01
8.101120367710427927e-02 6.486077904701232910e-01
8.101120367710427927e-02 6.486077904701232910e-01
8.704395288710141398e-02 6.434465050697326660e-01
8.704395288710141398e-02 6.434465050697326660e-01
4.740017236426314479e-02 6.430678963661193848e-01
4.740017236426314479e-02 6.430678963661193848e-01
7.526572823901177267e-02 6.490615606307983398e-01
7.526572823901177267e-02 6.490615606307983398e-01
7.526572823901177267e-02 6.430873274803161621e-01
7.526572823901177267e-02 6.430873274803161621e-01
7.411663315139327413e-02 6.427488923072814941e-01
7.411663315139327413e-02 6.427488923072814941e-01
4.596380350474001814e-02 6.423075795173645020e-01
5.084745762711864736e-02 6.423075795173645020e-01
6.980752657282390805e-02 6.495919227600097656e-01
6.980752657282390805e-02 6.495919227600097656e-01
5.056018385521401926e-02 6.491591930389404297e-01
5.056018385521401926e-02 6.491591930389404297e-01
9.652398735995403045e-02 6.497998237609863281e-01
9.652398735995403045e-02 6.497998237609863281e-01
4.826199367997701523e-02 6.495172381401062012e-01
4.826199367997701523e-02 6.495172381401062012e-01
7.411663315139327413e-02 6.494603157043457031e-01
7.411663315139327413e-02 6.494603157043457031e-01
8.216029876472277782e-02 6.491308212280273438e-01
8.216029876472277782e-02 6.491308212280273438e-01
7.166666666666667018e-02 6.410983800888061523e-01
7.166666666666667018e-02 6.410983800888061523e-01
9.722222222222222376e-02 6.411993503570556641e-01
9.722222222222222376e-02 6.411993503570556641e-01
9.307670209709853482e-02 6.428865194320678711e-01
9.307670209709853482e-02 6.428865194320678711e-01
1.080149382361390437e-01 6.428192257881164551e-01
1.080149382361390437e-01 6.428192257881164551e-01
1.134731399023269222e-01 6.417586803436279297e-01
1.134731399023269222e-01 6.417586803436279297e-01
1.103131284113760407e-01 6.420251727104187012e-01
1.103131284113760407e-01 6.420251727104187012e-01
1.071531169204251593e-01 6.417749524116516113e-01
1.071531169204251593e-01 6.417749524116516113e-01
1.404768744613616727e-01 6.418683528900146484e-01
1.404768744613616727e-01 6.418683528900146484e-01
1.338695777075553095e-01 6.421719193458557129e-01
1.338695777075553095e-01 6.421719193458557129e-01
1.120367710428037955e-01 6.421382427215576172e-01
1.120367710428037955e-01 6.421382427215576172e-01
1.131858661304222941e-01 6.420308351516723633e-01
1.131858661304222941e-01 6.420308351516723633e-01
8.474576271186440302e-02 6.420940160751342773e-01
1.281241022694628029e-01 6.420940160751342773e-01
1.108876759551852970e-01 6.417422294616699219e-01
1.108876759551852970e-01 6.417422294616699219e-01
1.322222222222222132e-01 6.415209174156188965e-01
1.322222222222222132e-01 6.415209174156188965e-01
1.226659006032749244e-01 6.427659988403320312e-01
1.226659006032749244e-01 6.427659988403320312e-01
1.292731973570812876e-01 6.428858637809753418e-01
1.292731973570812876e-01 6.428858637809753418e-01
1.074403906923297874e-01 6.423689126968383789e-01
1.074403906923297874e-01 6.423689126968383789e-01
1.473714449870726917e-01 6.494612693786621094e-01
1.473714449870726917e-01 6.494612693786621094e-01
1.157713300775639192e-01 6.425616741180419922e-01
1.157713300775639192e-01 6.425616741180419922e-01
1.226659006032749244e-01 6.424643397331237793e-01
1.226659006032749244e-01 6.424643397331237793e-01
1.324332088480321690e-01 6.428168416023254395e-01
1.324332088480321690e-01 6.428168416023254395e-01
1.499569089342143169e-01 6.419185400009155273e-01
1.499569089342143169e-01 6.419185400009155273e-01
1.353059465670784223e-01 6.499930620193481445e-01
1.353059465670784223e-01 6.499930620193481445e-01
1.218040792875610401e-01 6.425424814224243164e-01
1.218040792875610401e-01 6.425424814224243164e-01
7.526572823901177267e-02 6.419850587844848633e-01
7.526572823901177267e-02 6.419850587844848633e-01
1.404768744613616727e-01 6.495055556297302246e-01
1.404768744613616727e-01 6.495055556297302246e-01
1.083022120080436718e-01 6.426419615745544434e-01
1.083022120080436718e-01 6.426419615745544434e-01
1.315713875323183124e-01 6.424294710159301758e-01
1.315713875323183124e-01 6.424294710159301758e-01
1.373168629704107913e-01 6.489783525466918945e-01
1.373168629704107913e-01 6.489783525466918945e-01
9.221488078138466438e-02 6.424056887626647949e-01
9.221488078138466438e-02 6.424056887626647949e-01
9.757653061224490221e-02 6.868857145309448242e-01
7.238520408163265363e-02 6.868857145309448242e-01
8.991735537190082006e-02 6.879602074623107910e-01
8.991735537190082006e-02 6.879602074623107910e-01
8.386479591836734637e-02 6.868657469749450684e-01
8.386479591836734637e-02 6.868657469749450684e-01
8.896683673469388265e-02 6.862544417381286621e-01
8.896683673469388265e-02 6.862544417381286621e-01
8.035714285714286309e-02 6.863548159599304199e-01
8.035714285714286309e-02 6.863548159599304199e-01
7.366071428571428770e-02 6.857990026473999023e-01
7.366071428571428770e-02 6.857990026473999023e-01
7.812500000000000000e-02 6.866551041603088379e-01
7.812500000000000000e-02 6.866551041603088379e-01
7.239669421487603118e-02 6.879445910453796387e-01
7.239669421487603118e-02 6.879445910453796387e-01
7.397959183673469274e-02 6.862531304359436035e-01
7.397959183673469274e-02 6.862531304359436035e-01
6.026785714285714385e-02 6.860784292221069336e-01
6.026785714285714385e-02 6.860784292221069336e-01
6.792091836734694132e-02 6.863344311714172363e-01
6.792091836734694132e-02 6.863344311714172363e-01
1.014030612244897905e-01 6.859001517295837402e-01
1.014030612244897905e-01 6.859001517295837402e-01
8.482142857142857539e-02 6.868697404861450195e-01
8.482142857142857539e-02 6.868697404861450195e-01
7.206632653061224858e-02 6.865823268890380859e-01
7.206632653061224858e-02 6.865823268890380859e-01
6.536989795918367319e-02 6.858991980552673340e-01
6.536989795918367319e-02 6.858991980552673340e-01
5.994897959183673186e-02 6.858977675437927246e-01
5.994897959183673186e-02 6.858977675437927246e-01
6.951530612244898044e-02 6.864266395568847656e-01
7.429846938775509779e-02 6.864266395568847656e-01
5.835459183673469274e-02 6.855531930923461914e-01
5.835459183673469274e-02 6.855531930923461914e-01
5.548469387755101956e-02 6.862034201622009277e-01
5.548469387755101956e-02 6.862034201622009277e-01
5.548469387755101956e-02 6.865209341049194336e-01
5.548469387755101956e-02 6.865209341049194336e-01
7.748724489795918990e-02 6.856594085693359375e-01
7.748724489795918990e-02 6.856594085693359375e-01
6.728316326530611735e-02 6.855000853538513184e-01
6.728316326530611735e-02 6.855000853538513184e-01
7.174744897959184353e-02 6.855525970458984375e-01
7.174744897959184353e-02 6.855525970458984375e-01
7.270408163265305868e-02 6.861213445663452148e-01
7.270408163265305868e-02 6.861213445663452148e-01
6.696428571428571230e-02 6.864488720893859863e-01
6.696428571428571230e-02 6.864488720893859863e-01
1.143801652892561943e-01 6.877762675285339355e-01
1.143801652892561943e-01 6.877762675285339355e-01
6.887755102040815647e-02 6.861438751220703125e-01
6.887755102040815647e-02 6.861438751220703125e-01
5.931122448979592177e-02 6.865922808647155762e-01
5.931122448979592177e-02 6.865922808647155762e-01
6.536989795918367319e-02 6.866803169250488281e-01
6.536989795918367319e-02 6.866803169250488281e-01
6.600765306122448328e-02 6.861043572425842285e-01
6.600765306122448328e-02 6.861043572425842285e-01
7.525510204081632681e-02 6.858699917793273926e-01
7.525510204081632681e-02 6.858699917793273926e-01
6.696428571428571230e-02 6.874474287033081055e-01
6.696428571428571230e-02 6.874474287033081055e-01
7.334183673469388265e-02 6.858229637145996094e-01
7.334183673469388265e-02 6.858229637145996094e-01
5.644132653061224164e-02 6.863799095153808594e-01
5.644132653061224164e-02 6.863799095153808594e-01
6.792091836734694132e-02 6.861096620559692383e-01
6.792091836734694132e-02 6.861096620559692383e-01
6.600765306122448328e-02 6.856651306152343750e-01
6.600765306122448328e-02 6.856651306152343750e-01
6.887755102040815647e-02 6.864772439002990723e-01
6.887755102040815647e-02 6.864772439002990723e-01
6.909090909090909172e-02 6.934525370597839355e-01
6.909090909090909172e-02 6.934525370597839355e-01
7.493622448979592177e-02 6.862081289291381836e-01
7.493622448979592177e-02 6.862081289291381836e-01
5.644132653061224164e-02 6.859182715415954590e-01
5.644132653061224164e-02 6.859182715415954590e-01
6.568877551020407823e-02 6.861923933029174805e-01
6.568877551020407823e-02 6.861923933029174805e-01
6.214876033057851329e-02 6.877347826957702637e-01
6.214876033057851329e-02 6.877347826957702637e-01
8.258928571428571230e-02 6.857813000679016113e-01
8.258928571428571230e-02 6.857813000679016113e-01
7.940051020408163407e-02 6.856663227081298828e-01
7.940051020408163407e-02 6.856663227081298828e-01
8.035714285714286309e-02 6.864152550697326660e-01
8.035714285714286309e-02 6.864152550697326660e-01
7.079081632653061451e-02 6.859888434410095215e-01
7.079081632653061451e-02 6.859888434410095215e-01
7.334183673469388265e-02 6.859438419342041016e-01
7.334183673469388265e-02 6.859438419342041016e-01
6.887755102040815647e-02 6.864691376686096191e-01
6.887755102040815647e-02 6.864691376686096191e-01
6.823979591836734637e-02 6.871593594551086426e-01
6.823979591836734637e-02 6.871593594551086426e-01
5.707908163265305868e-02 6.863378286361694336e-01
5.707908163265305868e-02 6.863378286361694336e-01
