0.000000000000000000e+00
0.000000000000000000e+00
0.000000000000000000e+00
0.000000000000000000e+00
1.499033474659289722e-04
0.000000000000000000e+00
0.000000000000000000e+00
1.458165428421272344e-04
7.363616918542528354e-05
1.400899989486049132e-04
1.319444387117116215e-04
5.907077308281369614e-05
1.094596833932229215e-04
0.000000000000000000e+00
7.414400483497993730e-05
7.963615334127475802e-05
1.171971006657568137e-04
2.150951257784791031e-04
1.356699515222871421e-04
2.504383893790668755e-04
2.654725807806211277e-04
1.792982739675189356e-04
1.319444387117116215e-04
6.981091364332527233e-05
1.498544323073186242e-04
2.670827023614024114e-04
1.174959639461430798e-04
3.325028295614509814e-04
1.482880096699598746e-04
2.534996123253663758e-04
3.554645274357199876e-04
4.720927357382319139e-04
3.755501548957288871e-04
3.097397936623053202e-04
2.593021427521838176e-04
1.999135502027435494e-04
3.387196063924624145e-04
2.189242932419572531e-04
2.652832608996284541e-04
1.911589951790673020e-04
1.378542465536802483e-04
3.649464495876578456e-04
1.352793630476782681e-04
1.369538942811731632e-04
1.801891616897498109e-04
1.537801581762547089e-04
1.191886485607379631e-04
3.612912178290979335e-04
3.398550347362180434e-04
1.413370092166805114e-04
5.183299733158483729e-04
4.558941925794081319e-04
1.444111989596341379e-04
3.717819748436322061e-04
4.617349789756526536e-04
4.810675856218453493e-04
1.845167696834126739e-04
2.167902724192430775e-04
3.200793994451859898e-04
0.000000000000000000e+00
5.167952488066662568e-04
6.847694714058658158e-05
4.515104029703753490e-04
3.619185338631344452e-04
3.164987573868481346e-04
1.999749361174218672e-04
4.050692132402026568e-04
2.477101444092771236e-04
3.955434156188387604e-04
4.130105156048360124e-04
1.093893283590953317e-03
3.325448048037986837e-04
7.545432760902435381e-04
1.081965862431093824e-03
3.334542218267486026e-04
8.541425980336507127e-04
8.424982959881629173e-04
6.028550331567845153e-04
1.147322175325892575e-03
1.751164354185148373e-03
7.592959327417195823e-04
1.302003576941886554e-03
1.262652454232516576e-03
1.087929687238033257e-03
1.538861481842295972e-03
1.908416751340975999e-03
1.816310492882277760e-03
2.265951124163998083e-03
3.082540967470488204e-03
1.955250694255638612e-03
3.383463862275886292e-03
4.647357712320610013e-03
4.782165663418670373e-03
6.250915216629567700e-03
6.714270641308073967e-03
8.475105326528118918e-03
1.051629918587304070e-02
1.110069234262311445e-02
1.210109593005869247e-02
1.097901026433579369e-02
1.283220376716674889e-02
8.954506250864403133e-03
1.008431879188223176e-02
7.851471609292138068e-03
8.038928621921809931e-03
8.806842140365468002e-03
8.325171901053285070e-03
7.725133013921446808e-03
1.152128951381812400e-02
9.149701454628941799e-03
1.128682210597447590e-02
1.222299511366102022e-02
1.339348646479372219e-02
1.302395036135588907e-02
1.586848735453519343e-02
1.711078101967025700e-02
2.138133294381841520e-02
1.837846095178204131e-02
2.155190066781638783e-02
9.235093710618650503e-03
9.433689023675331797e-02
1.316117458752233058e-02
1.723451371303044710e-02
1.628864843558928965e-02
1.683273542927951963e-02
1.469209949215111860e-02
1.300347184313820070e-02
1.115580864247178727e-02
1.087469042612910011e-02
1.268748509457898015e-02
1.104080739009293856e-02
8.892179402526730753e-03
1.184393016142311177e-02
9.829854433236816930e-03
7.914562378395828546e-03
8.980308433165344953e-03
8.705300810329696590e-03
8.938853852396431293e-03
8.330368823282675861e-03
7.213228146987574370e-03
1.109760895889354455e-02
9.722746673959144562e-03
1.017840953251312325e-02
9.620878807194468627e-03
1.029424645764420027e-02
1.115718263242724412e-02
1.094077436987996380e-02
1.222536028468097780e-02
1.462765434697209030e-02
1.111141266139339077e-02
1.749329746186040896e-02
1.407975173843959565e-02
1.536325569828414506e-02
1.496190554079034930e-02
1.600088680619242074e-02
1.467046864700365799e-02
1.909988150135824916e-02
1.596414039260118239e-02
1.646895939352091207e-02
1.207537164293286114e-02
1.385008083215788673e-02
9.466180515972507162e-03
7.778903509391496204e-03
5.855632516695061240e-03
3.232066795124955046e-03
2.911712989106351405e-03
1.626803989723829818e-03
1.266023151540982255e-03
8.468428158227048501e-04
6.202514593615807235e-04
5.032612197262815133e-04
2.243457823887169992e-04
1.540785882640627986e-04
1.410330586592253074e-04
5.718654337285337345e-04
5.095204123730849935e-05
2.570981326825522661e-04
0.000000000000000000e+00
1.729061618094246790e-04
0.000000000000000000e+00
1.933540575409827130e-04
6.936052065207801024e-05
6.761560189353517088e-05
2.921905702279294970e-04
6.719300438170057411e-05
5.095204123730849935e-05
0.000000000000000000e+00
7.026719412465420064e-05
0.000000000000000000e+00
7.167253800714728357e-05
0.000000000000000000e+00
5.168692644746198582e-05
6.981091364332527233e-05
1.400781077679794594e-04
0.000000000000000000e+00
0.000000000000000000e+00
0.000000000000000000e+00
0.000000000000000000e+00
1.738602450197962196e-04
0.000000000000000000e+00
5.168692644746198582e-05
5.095204123730849935e-05
5.095204123730849935e-05
5.168692644746198582e-05
6.981091364332527233e-05
5.000409628405623962e-05
1.023916618166008060e-04
0.000000000000000000e+00
0.000000000000000000e+00
5.168692644746198582e-05
0.000000000000000000e+00
0.000000000000000000e+00
5.095204123730849935e-05
0.000000000000000000e+00
0.000000000000000000e+00
1.740641998237481031e-04
0.000000000000000000e+00
5.095204123730849935e-05
6.761560189353517088e-05
6.847694714058658158e-05
1.026389676847704784e-04
5.095204123730849935e-05
0.000000000000000000e+00
0.000000000000000000e+00
0.000000000000000000e+00
1.405403919398521889e-04
0.000000000000000000e+00
0.000000000000000000e+00
0.000000000000000000e+00
6.719300438170057411e-05
0.000000000000000000e+00
0.000000000000000000e+00
0.000000000000000000e+00
6.761560189353517088e-05
0.000000000000000000e+00
0.000000000000000000e+00
0.000000000000000000e+00
0.000000000000000000e+00
0.000000000000000000e+00
0.000000000000000000e+00
0.000000000000000000e+00
6.761560189353517088e-05
0.000000000000000000e+00
0.000000000000000000e+00
0.000000000000000000e+00
0.000000000000000000e+00
0.000000000000000000e+00
0.000000000000000000e+00
0.000000000000000000e+00
0.000000000000000000e+00
0.000000000000000000e+00
0.000000000000000000e+00
0.000000000000000000e+00
0.000000000000000000e+00
0.000000000000000000e+00
0.000000000000000000e+00
0.000000000000000000e+00
0.000000000000000000e+00
0.000000000000000000e+00
0.000000000000000000e+00
5.168692644746198582e-05
0.000000000000000000e+00
0.000000000000000000e+00
0.000000000000000000e+00
0.000000000000000000e+00
0.000000000000000000e+00
0.000000000000000000e+00
0.000000000000000000e+00
0.000000000000000000e+00
0.000000000000000000e+00
0.000000000000000000e+00
0.000000000000000000e+00
0.000000000000000000e+00
0.000000000000000000e+00
0.000000000000000000e+00
0.000000000000000000e+00
0.000000000000000000e+00
0.000000000000000000e+00
0.000000000000000000e+00
0.000000000000000000e+00
0.000000000000000000e+00
0.000000000000000000e+00
0.000000000000000000e+00
0.000000000000000000e+00
0.000000000000000000e+00
0.000000000000000000e+00
0.000000000000000000e+00
0.000000000000000000e+00
0.000000000000000000e+00
0.000000000000000000e+00
0.000000000000000000e+00
0.000000000000000000e+00
0.000000000000000000e+00
0.000000000000000000e+00
0.000000000000000000e+00
0.000000000000000000e+00
0.000000000000000000e+00
0.000000000000000000e+00
0.000000000000000000e+00
0.000000000000000000e+00
0.000000000000000000e+00
0.000000000000000000e+00
0.000000000000000000e+00
0.000000000000000000e+00
0.000000000000000000e+00
0.000000000000000000e+00
0.000000000000000000e+00
0.000000000000000000e+00
0.000000000000000000e+00
0.000000000000000000e+00
0.000000000000000000e+00
0.000000000000000000e+00
0.000000000000000000e+00
7.026719412465420064e-05
0.000000000000000000e+00
0.000000000000000000e+00
0.000000000000000000e+00
6.981091364332527233e-05
0.000000000000000000e+00
7.026719412465420064e-05
0.000000000000000000e+00
0.000000000000000000e+00
0.000000000000000000e+00
6.981091364332527233e-05
1.401137873675128282e-04
6.936052065207801024e-05
6.936052065207801024e-05
0.000000000000000000e+00
0.000000000000000000e+00
0.000000000000000000e+00
0.000000000000000000e+00
0.000000000000000000e+00
1.382878607839118539e-04
0.000000000000000000e+00
6.476434157272345309e-05
0.000000000000000000e+00
0.000000000000000000e+00
6.891590192994930539e-05
3.459934616260519516e-04
1.383450801900620874e-04
2.771585675211607133e-04
0.000000000000000000e+00
0.000000000000000000e+00
0.000000000000000000e+00
0.000000000000000000e+00
7.963615334127475802e-05
0.000000000000000000e+00
0.000000000000000000e+00
7.072947829652691655e-05
6.891590192994930539e-05
6.719300438170057411e-05
0.000000000000000000e+00
0.000000000000000000e+00
0.000000000000000000e+00
0.000000000000000000e+00
7.026719412465420064e-05
0.000000000000000000e+00
0.000000000000000000e+00
0.000000000000000000e+00
0.000000000000000000e+00
