1.344901314910085764e-03
4.429461499971202448e-04
1.150915865314753846e-03
6.320813669127026352e-04
1.229730796959595598e-03
9.264412209842391157e-04
1.448741129128842302e-03
1.401302275754519799e-03
1.657045766009321514e-03
1.649941695254527598e-03
2.215152524176163592e-03
1.810051684384147899e-03
2.721938961189706088e-03
1.722243697556774100e-03
1.989845724530598780e-03
2.628086844105538469e-03
2.721612500781307904e-03
1.996325329818342958e-03
2.370840754702871738e-03
1.548252288339916792e-03
2.686722947876986432e-03
2.861853457728204871e-03
3.354867856104324676e-03
3.899651057373600301e-03
7.452873699453399330e-03
1.052154888958357903e-02
1.574313351807649780e-02
2.747779947198027845e-02
7.338491289096468750e-02
9.858278442856156787e-02
9.181937032021769696e-02
8.688596266423656567e-02
5.973866942661346796e-02
2.012790034021594981e-02
1.328618986456870342e-02
1.175030978048643114e-02
1.339640981265875601e-02
1.599593486077936777e-02
2.223427608897743726e-02
2.125838089152409446e-02
3.772545245419595128e-02
5.697813800761344916e-02
8.023477922045454958e-02
1.076052490409205170e-01
5.192071255147999442e-02
8.358438864104584046e-03
1.875736063361873717e-03
6.294347923928115271e-04
2.458446474984716688e-04
2.395674140686091717e-04
4.719712128343229855e-04
4.511205017705029185e-04
3.403304196386579316e-04
3.162484690361145657e-04
3.655893836091113130e-04
2.126467404586310250e-04
2.280292784705583884e-04
1.542341922071245933e-04
8.359662815453971292e-05
2.264952157789449022e-04
5.395922059419587351e-03
7.857942593876588046e-06
0.000000000000000000e+00
0.000000000000000000e+00
0.000000000000000000e+00
0.000000000000000000e+00
0.000000000000000000e+00
0.000000000000000000e+00
0.000000000000000000e+00
0.000000000000000000e+00
0.000000000000000000e+00
0.000000000000000000e+00
0.000000000000000000e+00
0.000000000000000000e+00
0.000000000000000000e+00
0.000000000000000000e+00
0.000000000000000000e+00
0.000000000000000000e+00
0.000000000000000000e+00
0.000000000000000000e+00
0.000000000000000000e+00
0.000000000000000000e+00
0.000000000000000000e+00
0.000000000000000000e+00
0.000000000000000000e+00
0.000000000000000000e+00
0.000000000000000000e+00
0.000000000000000000e+00
0.000000000000000000e+00
0.000000000000000000e+00
0.000000000000000000e+00
0.000000000000000000e+00
0.000000000000000000e+00
0.000000000000000000e+00
0.000000000000000000e+00
0.000000000000000000e+00
0.000000000000000000e+00
0.000000000000000000e+00
0.000000000000000000e+00
0.000000000000000000e+00
0.000000000000000000e+00
0.000000000000000000e+00
0.000000000000000000e+00
0.000000000000000000e+00
0.000000000000000000e+00
0.000000000000000000e+00
0.000000000000000000e+00
0.000000000000000000e+00
0.000000000000000000e+00
0.000000000000000000e+00
0.000000000000000000e+00
0.000000000000000000e+00
0.000000000000000000e+00
0.000000000000000000e+00
0.000000000000000000e+00
0.000000000000000000e+00
0.000000000000000000e+00
0.000000000000000000e+00
0.000000000000000000e+00
0.000000000000000000e+00
0.000000000000000000e+00
0.000000000000000000e+00
0.000000000000000000e+00
0.000000000000000000e+00
0.000000000000000000e+00
0.000000000000000000e+00
0.000000000000000000e+00
0.000000000000000000e+00
0.000000000000000000e+00
0.000000000000000000e+00
0.000000000000000000e+00
0.000000000000000000e+00
0.000000000000000000e+00
0.000000000000000000e+00
0.000000000000000000e+00
0.000000000000000000e+00
0.000000000000000000e+00
0.000000000000000000e+00
0.000000000000000000e+00
0.000000000000000000e+00
0.000000000000000000e+00
0.000000000000000000e+00
0.000000000000000000e+00
0.000000000000000000e+00
0.000000000000000000e+00
0.000000000000000000e+00
0.000000000000000000e+00
0.000000000000000000e+00
0.000000000000000000e+00
0.000000000000000000e+00
0.000000000000000000e+00
0.000000000000000000e+00
0.000000000000000000e+00
0.000000000000000000e+00
0.000000000000000000e+00
0.000000000000000000e+00
0.000000000000000000e+00
0.000000000000000000e+00
0.000000000000000000e+00
0.000000000000000000e+00
0.000000000000000000e+00
0.000000000000000000e+00
0.000000000000000000e+00
0.000000000000000000e+00
0.000000000000000000e+00
0.000000000000000000e+00
0.000000000000000000e+00
0.000000000000000000e+00
0.000000000000000000e+00
0.000000000000000000e+00
0.000000000000000000e+00
0.000000000000000000e+00
0.000000000000000000e+00
0.000000000000000000e+00
0.000000000000000000e+00
0.000000000000000000e+00
0.000000000000000000e+00
0.000000000000000000e+00
0.000000000000000000e+00
0.000000000000000000e+00
0.000000000000000000e+00
0.000000000000000000e+00
0.000000000000000000e+00
0.000000000000000000e+00
0.000000000000000000e+00
0.000000000000000000e+00
0.000000000000000000e+00
0.000000000000000000e+00
0.000000000000000000e+00
0.000000000000000000e+00
0.000000000000000000e+00
0.000000000000000000e+00
0.000000000000000000e+00
0.000000000000000000e+00
0.000000000000000000e+00
0.000000000000000000e+00
0.000000000000000000e+00
0.000000000000000000e+00
0.000000000000000000e+00
0.000000000000000000e+00
0.000000000000000000e+00
0.000000000000000000e+00
0.000000000000000000e+00
0.000000000000000000e+00
0.000000000000000000e+00
0.000000000000000000e+00
0.000000000000000000e+00
0.000000000000000000e+00
0.000000000000000000e+00
0.000000000000000000e+00
0.000000000000000000e+00
0.000000000000000000e+00
0.000000000000000000e+00
0.000000000000000000e+00
0.000000000000000000e+00
0.000000000000000000e+00
0.000000000000000000e+00
0.000000000000000000e+00
0.000000000000000000e+00
0.000000000000000000e+00
0.000000000000000000e+00
0.000000000000000000e+00
0.000000000000000000e+00
0.000000000000000000e+00
0.000000000000000000e+00
0.000000000000000000e+00
0.000000000000000000e+00
0.000000000000000000e+00
0.000000000000000000e+00
0.000000000000000000e+00
0.000000000000000000e+00
0.000000000000000000e+00
0.000000000000000000e+00
0.000000000000000000e+00
0.000000000000000000e+00
0.000000000000000000e+00
0.000000000000000000e+00
0.000000000000000000e+00
0.000000000000000000e+00
0.000000000000000000e+00
2.371348864554559518e-04
0.000000000000000000e+00
0.000000000000000000e+00
0.000000000000000000e+00
0.000000000000000000e+00
0.000000000000000000e+00
0.000000000000000000e+00
0.000000000000000000e+00
0.000000000000000000e+00
0.000000000000000000e+00
0.000000000000000000e+00
0.000000000000000000e+00
0.000000000000000000e+00
8.423262204946845618e-06
0.000000000000000000e+00
1.551922248668994819e-05
0.000000000000000000e+00
0.000000000000000000e+00
0.000000000000000000e+00
0.000000000000000000e+00
0.000000000000000000e+00
0.000000000000000000e+00
0.000000000000000000e+00
0.000000000000000000e+00
0.000000000000000000e+00
7.652506186193540458e-06
0.000000000000000000e+00
1.837816168208067670e-05
7.139228332241534034e-06
0.000000000000000000e+00
3.213818900921712788e-05
5.575397364226721269e-05
0.000000000000000000e+00
7.457537875717271339e-06
0.000000000000000000e+00
0.000000000000000000e+00
8.423262204946845618e-06
6.000716468736800094e-05
0.000000000000000000e+00
1.520627035708135533e-05
1.578699457279346066e-05
0.000000000000000000e+00
7.227366953627231619e-06
0.000000000000000000e+00
0.000000000000000000e+00
0.000000000000000000e+00
7.053213533057900992e-06
0.000000000000000000e+00
5.234190253674526292e-05
0.000000000000000000e+00
2.552171730205891816e-05
7.911036800591969963e-06
7.272257431600071257e-06
0.000000000000000000e+00
1.684652440989369124e-05
7.457537875717271339e-06
0.000000000000000000e+00
1.463598979944668545e-05
0.000000000000000000e+00
0.000000000000000000e+00
1.588080008066411865e-05
0.000000000000000000e+00
0.000000000000000000e+00
2.207611949533055159e-05
0.000000000000000000e+00
7.602814587581893794e-06
1.493021857525625367e-05
0.000000000000000000e+00
1.856113299736237784e-05
1.486787614462620664e-05
7.410338268908933610e-06
7.227366953627231619e-06
3.728799195888993781e-05
2.210577528767004033e-05
2.218500261141049973e-05
5.618520839116287850e-05
1.555137884678095973e-05
4.516217180713066848e-05
3.845857340059678954e-05
7.702851621629022895e-06
3.673017320544627156e-05
3.008481589418563636e-05
3.005221554755133437e-05
6.201587422458812882e-05
7.886200729430198103e-05
2.315052696034143820e-05
5.940698231419026961e-05
3.004235986966414301e-05
7.630143114294572651e-05
1.510815719327171004e-05
1.156595116971815190e-04
6.257893790062157022e-05
5.253221432089195725e-05
9.718999873685005178e-05
1.195370398403093734e-04
1.212683058199142381e-04
1.840632830779539162e-04
1.880853966063738539e-04
2.652896454370082431e-04
2.078757966613394340e-04
3.528049195506840433e-04
1.454034250765193432e-04
1.818922599515863383e-04
2.500868254307077299e-04
2.462321456904810924e-04
3.878162054955365773e-04
3.293366454264842367e-04
1.590232295529121591e-04
3.469679556177277446e-04
2.797744390930523859e-04
4.696172825629747814e-04
2.669890828945586502e-04
4.603502654294650779e-04
2.994901147648323155e-04
3.634255902939067563e-04
7.613047076723411652e-04
4.355849432726855829e-04
8.029619021558445343e-04
3.655687490859361099e-04
1.157055510131056172e-04
