5.812527197334436854e-05
2.250712710606804799e-05
1.097432037185714406e-04
4.666850372657295324e-05
5.835085089593141446e-05
9.967865953213335102e-05
1.908153124187331586e-04
1.893443087482703398e-04
3.210544549311841744e-04
3.796488589275502949e-04
3.772730875522566410e-04
5.709690696874489008e-04
8.983961831888202148e-04
6.603484785824181077e-04
8.079122707435778790e-04
1.000053947927067232e-03
9.706925266497275131e-04
1.175925656939760594e-03
1.160730767296557463e-03
6.941847702280746048e-04
1.482990227991687598e-03
1.101579133558700007e-03
1.117140881943702504e-03
1.044523562291692050e-03
1.079651824771352825e-03
1.064129986982270465e-03
1.185553438560814181e-03
1.133665240435560197e-03
1.303396524517154821e-03
9.124098657296885514e-04
1.578566736327362795e-03
1.201737362703393609e-03
1.336047078248825751e-03
1.152329428862038010e-03
8.701730321517999042e-04
1.041609448415826153e-03
1.193799557245710892e-03
9.199303061739426543e-04
7.737680691213520701e-04
6.789658230939173665e-04
7.346849726848987596e-04
6.049645430612113871e-04
5.716969906288943545e-04
4.358782912935987830e-04
4.104473183902237815e-04
4.723862202746664947e-04
3.652862479513998488e-04
2.509584952825932229e-04
3.228412603265263755e-04
3.471780091157546620e-04
4.473424841836967040e-04
4.640300586016743358e-04
6.066867038730680648e-04
4.376008125076997503e-04
6.663384055138226510e-04
8.246626554655384946e-04
9.315418644561703062e-04
7.919990715820862236e-04
1.408971326928199538e-03
7.334599626818465645e-04
2.371135316851642055e-03
1.842083943990828867e-03
1.904028703969192068e-03
1.973243697906634352e-03
2.011707968319763080e-03
1.714687082440502237e-03
2.493360469369015897e-03
2.169257945176025510e-03
2.292591340490294453e-03
2.466794604931484697e-03
2.193852761870538487e-03
2.090608247873638158e-03
2.518416931880071690e-03
2.547804603136587416e-03
2.255635081001632243e-03
2.820930562794636120e-03
2.773619052776254892e-03
2.839290629745627997e-03
3.524279294587095556e-03
4.315417544999137177e-03
2.950801496550811611e-03
4.346153345947693404e-03
5.119582662441591291e-03
5.031090629163972004e-03
6.010066382757722758e-03
6.573681885064333943e-03
7.195488148957118225e-03
9.070419275866863779e-03
1.219483696350644533e-02
1.410180069115434497e-02
2.442027175278892875e-02
2.833431709216072125e-02
3.586924728261393913e-02
4.139034251453636154e-02
4.281775265528470209e-02
3.903977493552301253e-02
4.107523054885232200e-02
3.706484526884963604e-02
3.689275720778820850e-02
3.155290369328261901e-02
4.019553786484048041e-02
4.172692230950814790e-02
4.894691140836329030e-02
4.884253580331751610e-02
4.635477641662246601e-02
4.429915058972055258e-02
3.699847228888436534e-02
2.913036631002423674e-02
2.846413492161463735e-02
1.980189539295127213e-02
1.695492982507605662e-02
1.286277214451530225e-02
1.185825928560375192e-02
9.260676466225329848e-03
8.787255378799613964e-03
7.422785670582534266e-03
5.222434491460235979e-03
3.555723864363306407e-03
2.757308352028951543e-03
1.436175384735572649e-03
3.464532019244990352e-03
1.348718425802399685e-03
1.424367181557460206e-03
9.875812133862439668e-04
9.990645969916317221e-04
4.703061549835328768e-04
4.776611057486184592e-04
2.883452356557016766e-04
2.368113002537727385e-04
1.446835288622142185e-04
1.629516170940653466e-04
1.020005791772414982e-04
1.359528588388832866e-04
5.412088496367707690e-05
7.530986268739259834e-05
9.039498908652168568e-05
2.606388005139174700e-05
2.717164196852481548e-05
1.941488771885758777e-05
4.534935530050753020e-05
3.633045656907196394e-05
1.797208902268806227e-05
1.268339552802387898e-05
1.754199841971526450e-05
1.396042514640892606e-05
1.283758716043750833e-05
2.354327823415763876e-05
1.162656043378886268e-05
2.024826590633010690e-05
0.000000000000000000e+00
1.192147203191747813e-05
0.000000000000000000e+00
0.000000000000000000e+00
1.157079634271668633e-05
1.440920607426309081e-05
2.051177490241753946e-05
1.216488426413294592e-05
0.000000000000000000e+00
0.000000000000000000e+00
0.000000000000000000e+00
0.000000000000000000e+00
0.000000000000000000e+00
0.000000000000000000e+00
0.000000000000000000e+00
0.000000000000000000e+00
0.000000000000000000e+00
0.000000000000000000e+00
0.000000000000000000e+00
0.000000000000000000e+00
0.000000000000000000e+00
0.000000000000000000e+00
0.000000000000000000e+00
0.000000000000000000e+00
0.000000000000000000e+00
0.000000000000000000e+00
0.000000000000000000e+00
0.000000000000000000e+00
0.000000000000000000e+00
0.000000000000000000e+00
0.000000000000000000e+00
0.000000000000000000e+00
0.000000000000000000e+00
0.000000000000000000e+00
0.000000000000000000e+00
0.000000000000000000e+00
0.000000000000000000e+00
0.000000000000000000e+00
0.000000000000000000e+00
0.000000000000000000e+00
0.000000000000000000e+00
0.000000000000000000e+00
0.000000000000000000e+00
0.000000000000000000e+00
0.000000000000000000e+00
0.000000000000000000e+00
0.000000000000000000e+00
0.000000000000000000e+00
0.000000000000000000e+00
0.000000000000000000e+00
0.000000000000000000e+00
0.000000000000000000e+00
0.000000000000000000e+00
0.000000000000000000e+00
0.000000000000000000e+00
0.000000000000000000e+00
0.000000000000000000e+00
0.000000000000000000e+00
0.000000000000000000e+00
0.000000000000000000e+00
0.000000000000000000e+00
0.000000000000000000e+00
0.000000000000000000e+00
0.000000000000000000e+00
0.000000000000000000e+00
0.000000000000000000e+00
0.000000000000000000e+00
0.000000000000000000e+00
0.000000000000000000e+00
0.000000000000000000e+00
0.000000000000000000e+00
0.000000000000000000e+00
0.000000000000000000e+00
0.000000000000000000e+00
0.000000000000000000e+00
0.000000000000000000e+00
0.000000000000000000e+00
0.000000000000000000e+00
0.000000000000000000e+00
0.000000000000000000e+00
0.000000000000000000e+00
0.000000000000000000e+00
0.000000000000000000e+00
0.000000000000000000e+00
0.000000000000000000e+00
0.000000000000000000e+00
0.000000000000000000e+00
0.000000000000000000e+00
0.000000000000000000e+00
0.000000000000000000e+00
0.000000000000000000e+00
0.000000000000000000e+00
0.000000000000000000e+00
0.000000000000000000e+00
0.000000000000000000e+00
0.000000000000000000e+00
0.000000000000000000e+00
0.000000000000000000e+00
0.000000000000000000e+00
0.000000000000000000e+00
0.000000000000000000e+00
0.000000000000000000e+00
0.000000000000000000e+00
0.000000000000000000e+00
0.000000000000000000e+00
0.000000000000000000e+00
0.000000000000000000e+00
0.000000000000000000e+00
0.000000000000000000e+00
0.000000000000000000e+00
0.000000000000000000e+00
0.000000000000000000e+00
0.000000000000000000e+00
0.000000000000000000e+00
0.000000000000000000e+00
0.000000000000000000e+00
0.000000000000000000e+00
0.000000000000000000e+00
0.000000000000000000e+00
0.000000000000000000e+00
0.000000000000000000e+00
0.000000000000000000e+00
0.000000000000000000e+00
0.000000000000000000e+00
0.000000000000000000e+00
0.000000000000000000e+00
0.000000000000000000e+00
0.000000000000000000e+00
0.000000000000000000e+00
0.000000000000000000e+00
0.000000000000000000e+00
0.000000000000000000e+00
0.000000000000000000e+00
0.000000000000000000e+00
0.000000000000000000e+00
0.000000000000000000e+00
0.000000000000000000e+00
0.000000000000000000e+00
0.000000000000000000e+00
0.000000000000000000e+00
0.000000000000000000e+00
0.000000000000000000e+00
0.000000000000000000e+00
0.000000000000000000e+00
0.000000000000000000e+00
0.000000000000000000e+00
0.000000000000000000e+00
0.000000000000000000e+00
0.000000000000000000e+00
0.000000000000000000e+00
0.000000000000000000e+00
0.000000000000000000e+00
0.000000000000000000e+00
0.000000000000000000e+00
0.000000000000000000e+00
7.166056116423325401e-06
7.166056116423325401e-06
7.071765904365122637e-06
0.000000000000000000e+00
0.000000000000000000e+00
0.000000000000000000e+00
0.000000000000000000e+00
0.000000000000000000e+00
7.214150452775159390e-06
0.000000000000000000e+00
7.464641787940962689e-06
0.000000000000000000e+00
0.000000000000000000e+00
0.000000000000000000e+00
0.000000000000000000e+00
0.000000000000000000e+00
7.569777587771117666e-06
0.000000000000000000e+00
0.000000000000000000e+00
0.000000000000000000e+00
7.413161499748267014e-06
0.000000000000000000e+00
0.000000000000000000e+00
0.000000000000000000e+00
0.000000000000000000e+00
0.000000000000000000e+00
0.000000000000000000e+00
0.000000000000000000e+00
0.000000000000000000e+00
0.000000000000000000e+00
7.118598791148998468e-06
7.789191430894918620e-06
0.000000000000000000e+00
7.362386420982867693e-06
7.362386420982867693e-06
0.000000000000000000e+00
2.165871702944014424e-05
0.000000000000000000e+00
2.039947546828292896e-05
8.082018176417283739e-06
0.000000000000000000e+00
7.214150452775159390e-06
0.000000000000000000e+00
7.464641787940962689e-06
7.262894712591207650e-06
2.978157054681477805e-05
7.464641787940962689e-06
3.038100226577283817e-05
1.440728065364829373e-05
2.911562530847767774e-05
2.272812659018601629e-05
7.166056116423325401e-06
2.333100631120457077e-05
1.477554792073113386e-05
7.464641787940962689e-06
0.000000000000000000e+00
