2.672367279871529959e-04
6.633419511663333221e-05
2.628909826266441680e-04
0.000000000000000000e+00
1.994791778221655131e-04
0.000000000000000000e+00
1.977562117152400069e-04
0.000000000000000000e+00
6.718463351556452391e-05
4.674644171321174846e-04
1.692753427116166619e-04
6.313736643631365404e-05
4.091566582963203792e-04
1.318339978418624789e-04
3.440559412711160212e-04
0.000000000000000000e+00
1.982212546555663535e-04
6.633419511663333221e-05
1.969270342762820963e-04
2.612063437830286754e-04
2.657912836297357225e-04
1.306031718915143377e-04
1.441319454017376959e-04
0.000000000000000000e+00
2.302975149800035135e-04
1.306031718915143377e-04
0.000000000000000000e+00
6.591699892093123945e-05
0.000000000000000000e+00
6.429940385538690582e-05
6.850197927077167782e-05
0.000000000000000000e+00
0.000000000000000000e+00
1.322827877294034400e-04
0.000000000000000000e+00
0.000000000000000000e+00
0.000000000000000000e+00
0.000000000000000000e+00
0.000000000000000000e+00
0.000000000000000000e+00
0.000000000000000000e+00
0.000000000000000000e+00
0.000000000000000000e+00
6.633419511663333221e-05
0.000000000000000000e+00
6.895265018702674965e-05
0.000000000000000000e+00
0.000000000000000000e+00
0.000000000000000000e+00
0.000000000000000000e+00
0.000000000000000000e+00
0.000000000000000000e+00
0.000000000000000000e+00
0.000000000000000000e+00
0.000000000000000000e+00
0.000000000000000000e+00
0.000000000000000000e+00
0.000000000000000000e+00
0.000000000000000000e+00
0.000000000000000000e+00
0.000000000000000000e+00
0.000000000000000000e+00
0.000000000000000000e+00
0.000000000000000000e+00
0.000000000000000000e+00
0.000000000000000000e+00
0.000000000000000000e+00
0.000000000000000000e+00
0.000000000000000000e+00
0.000000000000000000e+00
0.000000000000000000e+00
0.000000000000000000e+00
0.000000000000000000e+00
0.000000000000000000e+00
0.000000000000000000e+00
0.000000000000000000e+00
0.000000000000000000e+00
0.000000000000000000e+00
0.000000000000000000e+00
0.000000000000000000e+00
0.000000000000000000e+00
0.000000000000000000e+00
0.000000000000000000e+00
0.000000000000000000e+00
0.000000000000000000e+00
0.000000000000000000e+00
0.000000000000000000e+00
0.000000000000000000e+00
0.000000000000000000e+00
0.000000000000000000e+00
0.000000000000000000e+00
0.000000000000000000e+00
0.000000000000000000e+00
0.000000000000000000e+00
0.000000000000000000e+00
0.000000000000000000e+00
0.000000000000000000e+00
0.000000000000000000e+00
0.000000000000000000e+00
0.000000000000000000e+00
0.000000000000000000e+00
0.000000000000000000e+00
0.000000000000000000e+00
0.000000000000000000e+00
0.000000000000000000e+00
0.000000000000000000e+00
0.000000000000000000e+00
0.000000000000000000e+00
0.000000000000000000e+00
0.000000000000000000e+00
0.000000000000000000e+00
0.000000000000000000e+00
0.000000000000000000e+00
0.000000000000000000e+00
0.000000000000000000e+00
0.000000000000000000e+00
0.000000000000000000e+00
0.000000000000000000e+00
0.000000000000000000e+00
0.000000000000000000e+00
0.000000000000000000e+00
0.000000000000000000e+00
0.000000000000000000e+00
0.000000000000000000e+00
0.000000000000000000e+00
0.000000000000000000e+00
0.000000000000000000e+00
0.000000000000000000e+00
0.000000000000000000e+00
0.000000000000000000e+00
0.000000000000000000e+00
0.000000000000000000e+00
0.000000000000000000e+00
0.000000000000000000e+00
0.000000000000000000e+00
0.000000000000000000e+00
0.000000000000000000e+00
0.000000000000000000e+00
0.000000000000000000e+00
0.000000000000000000e+00
0.000000000000000000e+00
0.000000000000000000e+00
0.000000000000000000e+00
0.000000000000000000e+00
0.000000000000000000e+00
0.000000000000000000e+00
0.000000000000000000e+00
0.000000000000000000e+00
0.000000000000000000e+00
0.000000000000000000e+00
0.000000000000000000e+00
0.000000000000000000e+00
0.000000000000000000e+00
0.000000000000000000e+00
0.000000000000000000e+00
0.000000000000000000e+00
0.000000000000000000e+00
0.000000000000000000e+00
0.000000000000000000e+00
0.000000000000000000e+00
0.000000000000000000e+00
0.000000000000000000e+00
0.000000000000000000e+00
0.000000000000000000e+00
0.000000000000000000e+00
0.000000000000000000e+00
0.000000000000000000e+00
0.000000000000000000e+00
0.000000000000000000e+00
0.000000000000000000e+00
0.000000000000000000e+00
0.000000000000000000e+00
0.000000000000000000e+00
0.000000000000000000e+00
0.000000000000000000e+00
0.000000000000000000e+00
0.000000000000000000e+00
0.000000000000000000e+00
0.000000000000000000e+00
0.000000000000000000e+00
0.000000000000000000e+00
0.000000000000000000e+00
0.000000000000000000e+00
0.000000000000000000e+00
0.000000000000000000e+00
0.000000000000000000e+00
0.000000000000000000e+00
0.000000000000000000e+00
0.000000000000000000e+00
0.000000000000000000e+00
0.000000000000000000e+00
0.000000000000000000e+00
0.000000000000000000e+00
0.000000000000000000e+00
0.000000000000000000e+00
1.322511940375645852e-04
0.000000000000000000e+00
0.000000000000000000e+00
0.000000000000000000e+00
0.000000000000000000e+00
0.000000000000000000e+00
0.000000000000000000e+00
6.805716122355887911e-05
0.000000000000000000e+00
0.000000000000000000e+00
0.000000000000000000e+00
6.550501767767542166e-05
0.000000000000000000e+00
0.000000000000000000e+00
1.966724481212969093e-04
6.591699892093123945e-05
2.309318242712061966e-04
3.072128696824765999e-04
4.876535827132251130e-04
8.782930106755423069e-04
2.027748520222447809e-03
4.296230846236390698e-03
1.071087663896640521e-02
3.363101869211263667e-02
7.237987848706632643e-02
1.495371371522970505e-01
1.549421988374534709e-01
1.303639733380173582e-01
7.963027244752809986e-02
3.969771786744080017e-02
2.586982858364870325e-02
1.680220783098275092e-02
9.958827806586733125e-03
9.965584605288041464e-03
7.614597233655280746e-03
7.171477683043219094e-03
7.652638354882838195e-03
9.003252965557000456e-03
6.943914015038350589e-03
7.910013760279100553e-03
6.783346003482553649e-03
5.702930580575736944e-03
6.715178009731429670e-03
6.482438702055142409e-03
0.000000000000000000e+00
1.511472301314932543e-01
6.239396695877981892e-04
1.663687624382137638e-03
1.111431027816916920e-03
9.614021855975517401e-04
8.946351200111071333e-04
1.246903718568164766e-03
1.061963626647764248e-03
2.349698111615614645e-03
2.020875695153587573e-03
1.230255235032350764e-03
1.478371490883082472e-03
8.859079365841236384e-04
3.676958448481134744e-04
2.087227785548987984e-04
1.301445991289270103e-03
7.354932884163816386e-04
9.366144877861256202e-04
5.274550421741831157e-04
6.469631375572880080e-05
8.560992350140433048e-04
7.456016109768864126e-04
2.667535207264746882e-04
4.750410119324833700e-04
5.454926363162338225e-04
7.427101557467055129e-04
6.718463351556452391e-05
7.299579763936616056e-04
1.973647039889954381e-04
6.633419511663333221e-05
3.365264030538879232e-04
7.926091078957792253e-04
7.003281094053557133e-04
1.359942921804095184e-04
1.365591404943305434e-04
6.709270697895038018e-04
2.684331365643637633e-04
2.046961355581505674e-04
1.979735408237186776e-04
0.000000000000000000e+00
6.850197927077167782e-05
0.000000000000000000e+00
6.761808276405204291e-05
0.000000000000000000e+00
0.000000000000000000e+00
1.331016324364957498e-04
0.000000000000000000e+00
0.000000000000000000e+00
6.850197927077167782e-05
0.000000000000000000e+00
0.000000000000000000e+00
0.000000000000000000e+00
0.000000000000000000e+00
0.000000000000000000e+00
1.374664514780493782e-04
0.000000000000000000e+00
0.000000000000000000e+00
0.000000000000000000e+00
0.000000000000000000e+00
0.000000000000000000e+00
0.000000000000000000e+00
0.000000000000000000e+00
0.000000000000000000e+00
0.000000000000000000e+00
0.000000000000000000e+00
0.000000000000000000e+00
0.000000000000000000e+00
0.000000000000000000e+00
0.000000000000000000e+00
0.000000000000000000e+00
0.000000000000000000e+00
0.000000000000000000e+00
0.000000000000000000e+00
1.348027162796165668e-04
0.000000000000000000e+00
0.000000000000000000e+00
7.129797842468071759e-05
0.000000000000000000e+00
0.000000000000000000e+00
0.000000000000000000e+00
0.000000000000000000e+00
0.000000000000000000e+00
0.000000000000000000e+00
0.000000000000000000e+00
0.000000000000000000e+00
1.335621789012342872e-04
0.000000000000000000e+00
0.000000000000000000e+00
0.000000000000000000e+00
0.000000000000000000e+00
0.000000000000000000e+00
0.000000000000000000e+00
0.000000000000000000e+00
0.000000000000000000e+00
0.000000000000000000e+00
0.000000000000000000e+00
0.000000000000000000e+00
1.339741601444901186e-04
1.037703250339412538e-04
0.000000000000000000e+00
1.037703250339412538e-04
0.000000000000000000e+00
6.550501767767542166e-05
6.469631375572880080e-05
0.000000000000000000e+00
0.000000000000000000e+00
0.000000000000000000e+00
0.000000000000000000e+00
1.383981198036129923e-04
0.000000000000000000e+00
1.322511940375645852e-04
0.000000000000000000e+00
1.306133126766600267e-04
0.000000000000000000e+00
0.000000000000000000e+00
1.965355265500375547e-04
0.000000000000000000e+00
1.986281181194028591e-04
0.000000000000000000e+00
0.000000000000000000e+00
