2.102065641488379544e-01
6.411343823940159059e-03
4.582247112031859713e-03
4.116264783542804978e-03
3.062842191336865704e-03
2.994283582026477722e-03
2.700260755943838242e-03
2.269047761200673405e-03
1.909188564896798206e-03
1.579020377766600543e-03
1.511640358860819175e-03
1.129178461164554240e-03
1.402269290230394663e-03
1.022466228293980595e-03
9.988816162483764045e-04
1.363883600422139070e-03
9.086700592903179750e-04
8.760158844424130323e-04
6.917444491075088820e-04
4.911999783452013994e-04
9.219918625982703080e-04
5.081228362956490083e-04
4.744667579813719436e-04
4.284613039338172310e-04
4.378379617820825809e-04
3.051639128649238485e-04
3.918657812331089417e-04
2.908010631465308472e-04
3.395331015534342714e-04
1.885445283847659160e-04
4.818186747355125937e-04
4.223029363051572635e-04
3.585954607107492455e-04
2.817748067333718806e-04
3.552342593418471588e-04
1.883598104932578251e-04
2.776429942678643658e-04
2.005716536728696317e-04
9.593416465766496453e-05
1.193554970866989360e-04
1.393240651698049058e-04
5.832964449923360773e-05
4.994603806853060648e-05
3.153010512916472352e-05
1.249668800851040834e-05
2.020141294608825532e-05
2.846467824160703943e-05
0.000000000000000000e+00
6.713367509812981956e-05
0.000000000000000000e+00
2.846467824160703943e-05
0.000000000000000000e+00
0.000000000000000000e+00
9.315712879071394968e-06
0.000000000000000000e+00
0.000000000000000000e+00
0.000000000000000000e+00
0.000000000000000000e+00
0.000000000000000000e+00
0.000000000000000000e+00
0.000000000000000000e+00
0.000000000000000000e+00
0.000000000000000000e+00
0.000000000000000000e+00
0.000000000000000000e+00
0.000000000000000000e+00
0.000000000000000000e+00
0.000000000000000000e+00
0.000000000000000000e+00
0.000000000000000000e+00
0.000000000000000000e+00
0.000000000000000000e+00
0.000000000000000000e+00
0.000000000000000000e+00
0.000000000000000000e+00
0.000000000000000000e+00
0.000000000000000000e+00
0.000000000000000000e+00
0.000000000000000000e+00
2.846467824160703943e-05
0.000000000000000000e+00
0.000000000000000000e+00
0.000000000000000000e+00
0.000000000000000000e+00
0.000000000000000000e+00
0.000000000000000000e+00
0.000000000000000000e+00
0.000000000000000000e+00
0.000000000000000000e+00
0.000000000000000000e+00
0.000000000000000000e+00
0.000000000000000000e+00
0.000000000000000000e+00
0.000000000000000000e+00
0.000000000000000000e+00
0.000000000000000000e+00
0.000000000000000000e+00
0.000000000000000000e+00
0.000000000000000000e+00
0.000000000000000000e+00
0.000000000000000000e+00
0.000000000000000000e+00
0.000000000000000000e+00
0.000000000000000000e+00
0.000000000000000000e+00
0.000000000000000000e+00
0.000000000000000000e+00
0.000000000000000000e+00
0.000000000000000000e+00
0.000000000000000000e+00
0.000000000000000000e+00
0.000000000000000000e+00
0.000000000000000000e+00
0.000000000000000000e+00
0.000000000000000000e+00
0.000000000000000000e+00
0.000000000000000000e+00
0.000000000000000000e+00
0.000000000000000000e+00
0.000000000000000000e+00
0.000000000000000000e+00
0.000000000000000000e+00
0.000000000000000000e+00
0.000000000000000000e+00
0.000000000000000000e+00
0.000000000000000000e+00
0.000000000000000000e+00
0.000000000000000000e+00
0.000000000000000000e+00
0.000000000000000000e+00
0.000000000000000000e+00
0.000000000000000000e+00
0.000000000000000000e+00
0.000000000000000000e+00
0.000000000000000000e+00
0.000000000000000000e+00
0.000000000000000000e+00
0.000000000000000000e+00
0.000000000000000000e+00
0.000000000000000000e+00
0.000000000000000000e+00
0.000000000000000000e+00
0.000000000000000000e+00
0.000000000000000000e+00
0.000000000000000000e+00
0.000000000000000000e+00
0.000000000000000000e+00
0.000000000000000000e+00
0.000000000000000000e+00
0.000000000000000000e+00
0.000000000000000000e+00
0.000000000000000000e+00
0.000000000000000000e+00
0.000000000000000000e+00
0.000000000000000000e+00
0.000000000000000000e+00
0.000000000000000000e+00
0.000000000000000000e+00
0.000000000000000000e+00
0.000000000000000000e+00
0.000000000000000000e+00
0.000000000000000000e+00
0.000000000000000000e+00
0.000000000000000000e+00
0.000000000000000000e+00
0.000000000000000000e+00
0.000000000000000000e+00
0.000000000000000000e+00
0.000000000000000000e+00
0.000000000000000000e+00
0.000000000000000000e+00
0.000000000000000000e+00
0.000000000000000000e+00
0.000000000000000000e+00
0.000000000000000000e+00
0.000000000000000000e+00
0.000000000000000000e+00
0.000000000000000000e+00
0.000000000000000000e+00
0.000000000000000000e+00
0.000000000000000000e+00
0.000000000000000000e+00
0.000000000000000000e+00
0.000000000000000000e+00
0.000000000000000000e+00
0.000000000000000000e+00
0.000000000000000000e+00
0.000000000000000000e+00
0.000000000000000000e+00
0.000000000000000000e+00
0.000000000000000000e+00
0.000000000000000000e+00
0.000000000000000000e+00
0.000000000000000000e+00
0.000000000000000000e+00
0.000000000000000000e+00
0.000000000000000000e+00
0.000000000000000000e+00
0.000000000000000000e+00
0.000000000000000000e+00
0.000000000000000000e+00
0.000000000000000000e+00
0.000000000000000000e+00
0.000000000000000000e+00
0.000000000000000000e+00
0.000000000000000000e+00
0.000000000000000000e+00
0.000000000000000000e+00
0.000000000000000000e+00
0.000000000000000000e+00
2.846467824160703943e-05
0.000000000000000000e+00
0.000000000000000000e+00
0.000000000000000000e+00
0.000000000000000000e+00
0.000000000000000000e+00
0.000000000000000000e+00
0.000000000000000000e+00
0.000000000000000000e+00
0.000000000000000000e+00
0.000000000000000000e+00
0.000000000000000000e+00
0.000000000000000000e+00
0.000000000000000000e+00
0.000000000000000000e+00
0.000000000000000000e+00
0.000000000000000000e+00
0.000000000000000000e+00
0.000000000000000000e+00
0.000000000000000000e+00
0.000000000000000000e+00
0.000000000000000000e+00
0.000000000000000000e+00
0.000000000000000000e+00
0.000000000000000000e+00
0.000000000000000000e+00
0.000000000000000000e+00
0.000000000000000000e+00
0.000000000000000000e+00
0.000000000000000000e+00
2.580304599044378508e-04
0.000000000000000000e+00
0.000000000000000000e+00
0.000000000000000000e+00
0.000000000000000000e+00
1.863142575814278994e-05
0.000000000000000000e+00
0.000000000000000000e+00
0.000000000000000000e+00
9.315712879071394968e-06
0.000000000000000000e+00
3.659744345349476595e-05
0.000000000000000000e+00
0.000000000000000000e+00
0.000000000000000000e+00
0.000000000000000000e+00
0.000000000000000000e+00
0.000000000000000000e+00
0.000000000000000000e+00
0.000000000000000000e+00
3.659744345349476595e-05
0.000000000000000000e+00
0.000000000000000000e+00
0.000000000000000000e+00
5.522886921163755588e-05
0.000000000000000000e+00
9.315712879071394968e-06
1.506953553967431589e-05
1.506953553967431589e-05
0.000000000000000000e+00
2.794713863721418490e-05
0.000000000000000000e+00
0.000000000000000000e+00
0.000000000000000000e+00
0.000000000000000000e+00
0.000000000000000000e+00
0.000000000000000000e+00
0.000000000000000000e+00
0.000000000000000000e+00
0.000000000000000000e+00
1.863142575814278994e-05
0.000000000000000000e+00
9.315712879071394968e-06
0.000000000000000000e+00
0.000000000000000000e+00
0.000000000000000000e+00
0.000000000000000000e+00
9.315712879071394968e-06
1.863142575814278994e-05
0.000000000000000000e+00
0.000000000000000000e+00
0.000000000000000000e+00
2.438524841874571255e-05
0.000000000000000000e+00
0.000000000000000000e+00
1.506953553967431589e-05
9.401178134842693988e-06
0.000000000000000000e+00
0.000000000000000000e+00
0.000000000000000000e+00
1.756053253741482077e-04
0.000000000000000000e+00
1.506953553967431589e-05
7.067092528950713658e-06
0.000000000000000000e+00
0.000000000000000000e+00
0.000000000000000000e+00
0.000000000000000000e+00
2.447071367451700988e-05
3.134808559866368105e-05
0.000000000000000000e+00
0.000000000000000000e+00
6.741634320380615047e-06
1.506953553967431589e-05
0.000000000000000000e+00
5.868566677877081942e-05
6.970941610189479147e-06
5.026807241656086687e-05
1.408711117059124070e-05
2.925415630917712392e-05
4.070022241303848691e-05
6.303519657386979374e-05
3.696740168302741652e-05
1.394769233838745176e-05
7.327602104534067609e-05
1.057146212562963371e-04
5.270943224688848250e-05
8.280688897004385128e-05
4.520527071869753218e-05
2.137326057532842159e-05
1.837621304941370009e-04
1.007996922106916881e-04
1.377954012426467652e-04
2.426799105926573060e-04
4.257393224420289259e-04
5.489981410102965156e-04
9.045809510329809802e-04
1.095057283507245433e-03
1.764998123726433223e-03
2.489485710771064883e-03
3.490409161013604232e-03
3.884906307216328802e-03
4.560182889064542770e-03
5.847972951656018638e-03
6.910409408820533152e-03
1.042338854880082641e-02
1.308646690925595844e-02
1.733207458825093347e-02
2.492140803877437166e-02
2.915531920038666111e-02
4.111302056222421869e-02
5.147091729029007467e-02
7.050395761729220945e-02
7.133771736996584456e-02
6.999558817750176076e-02
6.681502704400012205e-02
6.346981894570055682e-02
5.209457401175907054e-02
6.734589170563896887e-02
5.899259675957781862e-02
