1.345624085587775789e-05
2.674635528143603323e-05
4.787897217068935333e-05
3.966816100853753723e-05
5.065763187702517682e-05
4.485413618625918393e-05
4.218571938875215129e-05
1.143899050197526128e-04
2.033988402989990907e-04
1.917306058813152071e-04
2.164835741945985055e-04
2.409504920319604246e-04
5.802893320415933309e-04
4.533663819240852082e-04
4.623956923041179978e-04
4.893172101903523917e-04
6.481876345276856499e-04
3.448383104851285275e-04
5.043268555987950831e-04
2.289326632573501611e-04
5.199415629660980023e-04
4.829412981000787163e-04
3.906588121750044951e-04
4.036453171075728413e-04
1.925807223768609411e-04
3.641323912774520376e-04
3.930301582750648712e-04
4.523580477828146327e-04
3.833847630838838560e-04
4.246636866249168456e-04
2.994303197359804197e-04
1.472725513438771512e-04
9.412230009800966570e-05
8.197480061626678956e-05
3.849550385334121413e-05
3.526268568102137698e-05
0.000000000000000000e+00
0.000000000000000000e+00
1.345624085587775789e-05
0.000000000000000000e+00
0.000000000000000000e+00
0.000000000000000000e+00
0.000000000000000000e+00
0.000000000000000000e+00
0.000000000000000000e+00
0.000000000000000000e+00
0.000000000000000000e+00
0.000000000000000000e+00
0.000000000000000000e+00
0.000000000000000000e+00
0.000000000000000000e+00
0.000000000000000000e+00
0.000000000000000000e+00
0.000000000000000000e+00
0.000000000000000000e+00
0.000000000000000000e+00
0.000000000000000000e+00
0.000000000000000000e+00
0.000000000000000000e+00
0.000000000000000000e+00
0.000000000000000000e+00
0.000000000000000000e+00
0.000000000000000000e+00
0.000000000000000000e+00
0.000000000000000000e+00
0.000000000000000000e+00
0.000000000000000000e+00
0.000000000000000000e+00
0.000000000000000000e+00
0.000000000000000000e+00
0.000000000000000000e+00
0.000000000000000000e+00
0.000000000000000000e+00
0.000000000000000000e+00
0.000000000000000000e+00
0.000000000000000000e+00
0.000000000000000000e+00
0.000000000000000000e+00
0.000000000000000000e+00
0.000000000000000000e+00
0.000000000000000000e+00
0.000000000000000000e+00
0.000000000000000000e+00
0.000000000000000000e+00
0.000000000000000000e+00
0.000000000000000000e+00
0.000000000000000000e+00
0.000000000000000000e+00
0.000000000000000000e+00
0.000000000000000000e+00
0.000000000000000000e+00
0.000000000000000000e+00
0.000000000000000000e+00
0.000000000000000000e+00
0.000000000000000000e+00
0.000000000000000000e+00
0.000000000000000000e+00
0.000000000000000000e+00
0.000000000000000000e+00
0.000000000000000000e+00
0.000000000000000000e+00
0.000000000000000000e+00
0.000000000000000000e+00
0.000000000000000000e+00
0.000000000000000000e+00
0.000000000000000000e+00
0.000000000000000000e+00
0.000000000000000000e+00
0.000000000000000000e+00
0.000000000000000000e+00
0.000000000000000000e+00
0.000000000000000000e+00
0.000000000000000000e+00
0.000000000000000000e+00
0.000000000000000000e+00
0.000000000000000000e+00
0.000000000000000000e+00
0.000000000000000000e+00
0.000000000000000000e+00
0.000000000000000000e+00
0.000000000000000000e+00
0.000000000000000000e+00
0.000000000000000000e+00
0.000000000000000000e+00
0.000000000000000000e+00
0.000000000000000000e+00
0.000000000000000000e+00
0.000000000000000000e+00
0.000000000000000000e+00
0.000000000000000000e+00
0.000000000000000000e+00
0.000000000000000000e+00
0.000000000000000000e+00
0.000000000000000000e+00
0.000000000000000000e+00
0.000000000000000000e+00
0.000000000000000000e+00
0.000000000000000000e+00
0.000000000000000000e+00
0.000000000000000000e+00
0.000000000000000000e+00
0.000000000000000000e+00
0.000000000000000000e+00
0.000000000000000000e+00
0.000000000000000000e+00
0.000000000000000000e+00
0.000000000000000000e+00
0.000000000000000000e+00
0.000000000000000000e+00
0.000000000000000000e+00
0.000000000000000000e+00
0.000000000000000000e+00
0.000000000000000000e+00
0.000000000000000000e+00
0.000000000000000000e+00
0.000000000000000000e+00
0.000000000000000000e+00
0.000000000000000000e+00
0.000000000000000000e+00
0.000000000000000000e+00
0.000000000000000000e+00
0.000000000000000000e+00
0.000000000000000000e+00
0.000000000000000000e+00
0.000000000000000000e+00
0.000000000000000000e+00
0.000000000000000000e+00
0.000000000000000000e+00
0.000000000000000000e+00
0.000000000000000000e+00
0.000000000000000000e+00
0.000000000000000000e+00
0.000000000000000000e+00
0.000000000000000000e+00
0.000000000000000000e+00
0.000000000000000000e+00
0.000000000000000000e+00
0.000000000000000000e+00
0.000000000000000000e+00
0.000000000000000000e+00
0.000000000000000000e+00
0.000000000000000000e+00
0.000000000000000000e+00
0.000000000000000000e+00
0.000000000000000000e+00
0.000000000000000000e+00
0.000000000000000000e+00
0.000000000000000000e+00
0.000000000000000000e+00
0.000000000000000000e+00
0.000000000000000000e+00
0.000000000000000000e+00
0.000000000000000000e+00
0.000000000000000000e+00
0.000000000000000000e+00
0.000000000000000000e+00
0.000000000000000000e+00
0.000000000000000000e+00
0.000000000000000000e+00
0.000000000000000000e+00
0.000000000000000000e+00
0.000000000000000000e+00
0.000000000000000000e+00
0.000000000000000000e+00
0.000000000000000000e+00
0.000000000000000000e+00
0.000000000000000000e+00
0.000000000000000000e+00
0.000000000000000000e+00
0.000000000000000000e+00
0.000000000000000000e+00
0.000000000000000000e+00
0.000000000000000000e+00
0.000000000000000000e+00
0.000000000000000000e+00
0.000000000000000000e+00
0.000000000000000000e+00
0.000000000000000000e+00
0.000000000000000000e+00
0.000000000000000000e+00
0.000000000000000000e+00
0.000000000000000000e+00
0.000000000000000000e+00
0.000000000000000000e+00
0.000000000000000000e+00
0.000000000000000000e+00
0.000000000000000000e+00
0.000000000000000000e+00
0.000000000000000000e+00
0.000000000000000000e+00
0.000000000000000000e+00
0.000000000000000000e+00
0.000000000000000000e+00
0.000000000000000000e+00
0.000000000000000000e+00
0.000000000000000000e+00
0.000000000000000000e+00
0.000000000000000000e+00
0.000000000000000000e+00
0.000000000000000000e+00
0.000000000000000000e+00
0.000000000000000000e+00
0.000000000000000000e+00
0.000000000000000000e+00
0.000000000000000000e+00
0.000000000000000000e+00
0.000000000000000000e+00
0.000000000000000000e+00
0.000000000000000000e+00
0.000000000000000000e+00
0.000000000000000000e+00
0.000000000000000000e+00
0.000000000000000000e+00
0.000000000000000000e+00
0.000000000000000000e+00
0.000000000000000000e+00
2.110782879353373441e-05
2.446589246523228430e-05
0.000000000000000000e+00
7.086409281196155772e-05
1.787627351873922815e-04
1.775455016431561409e-04
1.429207374545474001e-04
7.554380831369968390e-05
7.097462615791879747e-05
3.777192295712910610e-04
1.146734187636447994e-03
4.094929650003451861e-03
8.435828260749914098e-03
9.249459764975195841e-03
2.199533987343654795e-02
3.118450308963098896e-02
4.692018811541381895e-02
4.989115377623699887e-02
4.504054386761798673e-02
4.270511803987791372e-02
4.262772502148285542e-02
4.436667012430485502e-02
5.260771493221708811e-02
4.641795995737203057e-02
5.754544254457438085e-02
5.547759141040195519e-02
6.263215502706230564e-02
5.358476700390260583e-02
4.385183615146031472e-02
4.124185602900479197e-02
3.605833383559411270e-02
3.139188893718323353e-02
3.163776406616528036e-02
2.069580626276111210e-02
1.866210275157681453e-02
1.273369698762607041e-02
1.053023784093123395e-02
8.908325169166097721e-03
7.670626224803063151e-03
6.323994654823888138e-03
5.896948016278673668e-03
5.712213287763562818e-03
3.489481271046915387e-03
2.115481597819015864e-03
6.391166374890485183e-03
2.102390478352307406e-03
2.023027625723430260e-03
1.698069156633120720e-03
1.560776735683965617e-03
1.763404497743048267e-03
1.582335950891963078e-03
7.961901956180298095e-04
9.748215092788677311e-04
6.879276156970746655e-04
6.324608671566055813e-04
5.311720792565214873e-04
6.461180930563061465e-04
1.983850332251430200e-04
3.246879250691848723e-04
2.846068093854004638e-04
2.336315547330735905e-04
1.343100713260491589e-04
3.524896296422115171e-04
1.674756015715280161e-04
2.651987478930860754e-04
1.680184975906911474e-04
2.450440984743193907e-04
1.985616856561213015e-04
3.049393490243630157e-04
1.149955888285044618e-04
1.821966876176570700e-04
8.028826540427721049e-05
1.688886038579392242e-04
3.001776806311191832e-05
1.538814876694388745e-04
8.593072276251796551e-05
7.101366182400848509e-05
1.604026386779418593e-04
8.598129005671076221e-05
4.796245882118094477e-05
1.529958840694712566e-04
5.142012157126220459e-05
8.522285875389245082e-05
6.679483412797151227e-05
6.012039864698389986e-05
5.965474470934414717e-05
1.281546748178833827e-05
9.581148184129034554e-05
2.642611156033824538e-05
3.557011977709358466e-05
0.000000000000000000e+00
0.000000000000000000e+00
1.223294623261614215e-05
4.679981957289611834e-05
2.625998513001876622e-05
2.854783799420500235e-05
1.708728997571778548e-05
1.380127267269513482e-05
1.345624085587775789e-05
5.350892543482638989e-05
0.000000000000000000e+00
2.710854983952566758e-05
1.986769281751132250e-05
0.000000000000000000e+00
